"ALBAN",D,419,419,419,419,419,419,419,419,419,419,419,419,419,419,419,419,419,419,419,419,419,419,419,419
"ALBAN",P,111000,111000,111000,111000,111000,111000,111000,111000,111000,111000,111000,111000,111000,111000,111000,111000,111000,111000,111000,111000,111000,111000,111000,111000
"BARRANQ3",D,60,60,60,60,60,60,60,60,60,60,60,60,60,60,60,60,60,60,60,60,60,60,60,60
"BARRANQ3",P,778721,778721,778721,778721,778721,778721,778721,778721,778721,778721,778721,778721,778721,778721,778721,778721,778721,778721,778721,778721,778721,778721,778721,778721
"BARRANQ4",D,60,60,60,60,60,60,60,60,60,60,60,60,60,60,60,60,60,60,60,60,60,60,60,60
"BARRANQ4",P,785023,785023,785023,785023,785023,785023,785023,785023,785023,785023,785023,785023,785023,785023,785023,785023,785023,785023,785023,785023,785023,785023,785023,785023
"BETANIA",D,540,540,540,540,540,540,540,540,540,540,540,540,540,540,540,540,540,540,540,540,540,540,540,540
"BETANIA",P,34543,34543,34543,34543,34543,34543,34543,34543,34543,34543,34543,34543,34543,34543,34543,34543,34543,34543,34543,34543,34543,34543,34543,34543
"CALIMA1",D,132,132,132,132,132,132,132,132,132,132,132,132,132,132,132,132,132,132,132,132,132,132,132,132
"CALIMA1",P,139000,139000,139000,139000,139000,139000,139000,139000,139000,139000,139000,139000,139000,139000,139000,139000,139000,139000,139000,139000,139000,139000,139000,139000
"CHIVOR",D,875,875,875,875,875,875,875,875,750,750,750,750,750,750,750,750,750,875,875,875,875,875,875,875
"CHIVOR",P,36500,36500,36500,36500,36500,36500,36500,36500,36500,36500,36500,36500,36500,36500,36500,36500,36500,36500,36500,36500,36500,36500,36500,36500
"COINCAUCA",D,2,2,3,3,2,2,3,3,3,3,3,2,2,3,2,2,3,2,2,3,2,2,2,2
"COINCAUCA",P,0,0,0,0,0,0,0,0,0,0,0,0,0,0,0,0,0,0,0,0,0,0,0,0
"COROZO1",D,0,0,0,0,0,0,0,0,0,0,0,0,0,0,0,0,0,0,0,0,0,0,0,0
"COROZO1",P,420000,420000,420000,420000,420000,420000,420000,420000,420000,420000,420000,420000,420000,420000,420000,420000,420000,420000,420000,420000,420000,420000,420000,420000
"CSANCARLOS",D,0,0,0,0,0,0,0,0,0,0,0,0,0,0,0,0,0,0,0,0,0,0,0,0
"CSANCARLOS",P,0,0,0,0,0,0,0,0,0,0,0,0,0,0,0,0,0,0,0,0,0,0,0,0
"CTGEMG1",D,61,61,61,61,61,61,61,61,61,61,61,61,61,61,61,61,61,61,61,61,61,61,61,61
"CTGEMG1",P,780000,780000,780000,780000,780000,780000,780000,780000,780000,780000,780000,780000,780000,780000,780000,780000,780000,780000,780000,780000,780000,780000,780000,780000
"CTGEMG2",D,52,52,52,52,52,52,52,52,52,52,52,52,52,52,52,52,52,52,52,52,52,52,52,52
"CTGEMG2",P,810000,810000,810000,810000,810000,810000,810000,810000,810000,810000,810000,810000,810000,810000,810000,810000,810000,810000,810000,810000,810000,810000,810000,810000
"CTGEMG3",D,66,66,66,66,66,66,66,66,66,66,66,66,66,66,66,66,66,66,66,66,66,66,66,66
"CTGEMG3",P,750000,750000,750000,750000,750000,750000,750000,750000,750000,750000,750000,750000,750000,750000,750000,750000,750000,750000,750000,750000,750000,750000,750000,750000
"CVALLEC1",D,0,0,0,0,0,0,0,0,0,0,0,0,0,0,0,0,0,0,0,0,0,0,0,0
"CVALLEC1",P,0,0,0,0,0,0,0,0,0,0,0,0,0,0,0,0,0,0,0,0,0,0,0,0
"DORADA1",D,51,51,51,51,51,51,51,51,51,51,51,51,51,51,51,51,51,51,51,51,51,51,51,51
"DORADA1",P,263323,263323,263323,263323,263323,263323,263323,263323,263323,263323,263323,263323,263323,263323,263323,263323,263323,263323,263323,263323,263323,263323,263323,263323
"ECUADOR11",D,0,0,0,0,0,0,0,0,0,0,0,0,0,0,0,0,0,0,0,0,0,0,0,0
"ECUADOR11",P,115570,115852,116075,116068,115658,116824,115975,144367,156163,162903,164859,162634,154976,163038,164847,164822,151640,152439,236982,235752,169722,163632,121337,118566
"ECUADOR12",D,0,0,0,0,0,0,0,0,0,0,0,0,0,0,0,0,0,0,0,0,0,0,0,0
"ECUADOR12",P,0,0,0,0,0,0,0,0,0,0,0,0,0,0,0,0,0,0,0,0,0,0,0,0
"ECUADOR13",D,0,0,0,0,0,0,0,0,0,0,0,0,0,0,0,0,0,0,0,0,0,0,0,0
"ECUADOR13",P,0,0,0,0,0,0,0,0,0,0,0,0,0,0,0,0,0,0,0,0,0,0,0,0
"ECUADOR14",D,0,0,0,0,0,0,0,0,0,0,0,0,0,0,0,0,0,0,0,0,0,0,0,0
"ECUADOR14",P,0,0,0,0,0,0,0,0,0,0,0,0,0,0,0,0,0,0,0,0,0,0,0,0
"ECUADOR21",D,0,0,0,0,0,0,0,0,0,0,0,0,0,0,0,0,0,0,0,0,0,0,0,0
"ECUADOR21",P,115570,115852,116075,116068,115658,116824,115975,144367,156163,162903,164859,162634,154976,163038,164847,164822,151640,152439,236982,235752,169722,163632,121337,118566
"ECUADOR22",D,0,0,0,0,0,0,0,0,0,0,0,0,0,0,0,0,0,0,0,0,0,0,0,0
"ECUADOR22",P,116396,101574,101666,101682,101600,116034,115661,102922,113994,117135,126757,126736,126728,124955,124766,113697,113731,138765,166548,159470,157953,141809,111020,104182
"ECUADOR23",D,0,0,0,0,0,0,0,0,0,0,0,0,0,0,0,0,0,0,0,0,0,0,0,0
"ECUADOR23",P,122884,137876,137914,137953,137609,112715,106481,134686,156667,156815,163254,163312,163565,163449,193081,163572,156814,157367,250548,235095,206962,163939,117107,113777
"ECUADOR24",D,0,0,0,0,0,0,0,0,0,0,0,0,0,0,0,0,0,0,0,0,0,0,0,0
"ECUADOR24",P,0,0,0,0,0,0,0,0,0,0,0,0,0,0,0,0,0,0,0,0,0,0,0,0
"ESMERALDA",D,29,29,29,29,29,29,29,29,29,29,29,29,29,29,29,29,29,29,29,29,29,29,29,29
"ESMERALDA",P,0,0,0,0,0,0,0,0,0,0,0,0,0,0,0,0,0,0,0,0,0,0,0,0
"FLORES IV",D,450,450,450,450,450,450,450,450,450,450,450,450,450,450,450,450,450,450,450,450,450,450,450,450
"FLORES IV",P,177903,177903,177903,177903,177903,177903,177903,177903,177903,177903,177903,177903,177903,177903,177903,177903,177903,177903,177903,177903,177903,177903,177903,177903
"FLORES1",D,160,160,160,160,160,160,160,160,160,160,160,160,160,160,160,160,160,160,160,160,160,160,160,160
"FLORES1",P,193107,193107,193107,193107,193107,193107,193107,193107,193107,193107,193107,193107,193107,193107,193107,193107,193107,193107,193107,193107,193107,193107,193107,193107
"FLORIDA2",D,8,8,8,8,8,8,8,8,8,8,8,8,8,8,8,8,8,8,8,8,8,8,8,8
"FLORIDA2",P,0,0,0,0,0,0,0,0,0,0,0,0,0,0,0,0,0,0,0,0,0,0,0,0
"GUAJIR11",D,0,0,0,0,0,0,0,0,0,0,0,0,0,0,0,0,0,0,0,0,0,0,0,0
"GUAJIR11",P,196918,196918,196918,196918,196918,196918,196918,196918,196918,196918,196918,196918,196918,196918,196918,196918,196918,196918,196918,196918,196918,196918,196918,196918
"GUAJIR21",D,145,145,145,145,145,145,145,145,145,145,145,145,145,145,145,145,145,145,145,145,145,145,145,145
"GUAJIR21",P,196381,196381,196381,196381,196381,196381,196381,196381,196381,196381,196381,196381,196381,196381,196381,196381,196381,196381,196381,196381,196381,196381,196381,196381
"GUATAPE",D,560,560,560,560,560,560,560,560,560,560,560,560,560,560,560,560,560,560,560,560,560,560,560,560
"GUATAPE",P,108000,108000,108000,108000,108000,108000,108000,108000,108000,108000,108000,108000,108000,108000,108000,108000,108000,108000,108000,108000,108000,108000,108000,108000
"GUATRON",D,512,512,512,512,512,512,492,492,492,492,492,492,492,492,492,492,492,512,512,512,512,512,512,512
"GUATRON",P,130000,130000,130000,130000,130000,130000,130000,130000,130000,130000,130000,130000,130000,130000,130000,130000,130000,130000,130000,130000,130000,130000,130000,130000
"GUAVIO",D,1200,1200,1200,1200,1200,1200,1200,1200,1200,1200,1200,1200,1200,1200,1200,1200,1200,1200,1200,1200,1200,1200,1200,1200
"GUAVIO",P,34543,34543,34543,34543,34543,34543,34543,34543,34543,34543,34543,34543,34543,34543,34543,34543,34543,34543,34543,34543,34543,34543,34543,34543
"INSULA",D,12,12,12,12,12,12,12,12,12,12,12,12,12,12,12,12,12,12,12,12,12,12,12,12
"INSULA",P,0,0,0,0,0,0,0,0,0,0,0,0,0,0,0,0,0,0,0,0,0,0,0,0
"JAGUAS",D,170,170,170,170,170,170,170,170,170,170,170,170,170,170,170,170,170,170,170,170,170,170,170,170
"JAGUAS",P,117000,117000,117000,117000,117000,117000,117000,117000,117000,117000,117000,117000,117000,117000,117000,117000,117000,117000,117000,117000,117000,117000,117000,117000
"LATASAJERA",D,306,306,306,306,306,306,306,306,306,306,306,306,306,306,306,306,306,306,306,306,306,306,306,306
"LATASAJERA",P,94000,94000,94000,94000,94000,94000,94000,94000,94000,94000,94000,94000,94000,94000,94000,94000,94000,94000,94000,94000,94000,94000,94000,94000
"MAGUAFRE",D,7,7,7,7,7,7,7,7,7,7,7,7,7,7,7,7,7,7,7,7,7,7,7,7
"MAGUAFRE",P,0,0,0,0,0,0,0,0,0,0,0,0,0,0,0,0,0,0,0,0,0,0,0,0
"MALTOTULUA1",D,19,19,19,19,19,19,19,19,19,19,19,19,19,19,19,19,19,19,19,19,19,19,19,19
"MALTOTULUA1",P,0,0,0,0,0,0,0,0,0,0,0,0,0,0,0,0,0,0,0,0,0,0,0,0
"MANTIOQ1",D,65,65,65,65,65,65,65,65,65,65,65,65,65,65,65,65,65,65,65,65,65,65,65,65
"MANTIOQ1",P,0,0,0,0,0,0,0,0,0,0,0,0,0,0,0,0,0,0,0,0,0,0,0,0
"MBELMONTE",D,0,0,0,0,0,0,0,0,0,0,0,0,0,0,0,0,0,0,0,0,0,0,0,0
"MBELMONTE",P,0,0,0,0,0,0,0,0,0,0,0,0,0,0,0,0,0,0,0,0,0,0,0,0
"MBOGOTA1",D,96,96,96,96,96,96,96,96,96,96,96,96,96,96,96,96,96,96,96,96,96,96,96,96
"MBOGOTA1",P,0,0,0,0,0,0,0,0,0,0,0,0,0,0,0,0,0,0,0,0,0,0,0,0
"MCALDERAS",D,0,0,0,0,5,5,13,13,13,5,5,5,5,10,10,10,10,10,13,13,13,0,0,0
"MCALDERAS",P,0,0,0,0,0,0,0,0,0,0,0,0,0,0,0,0,0,0,0,0,0,0,0,0
"MCARUQUIA",D,10,10,10,10,10,10,10,10,10,10,10,10,10,10,10,10,10,10,10,10,10,10,10,10
"MCARUQUIA",P,0,0,0,0,0,0,0,0,0,0,0,0,0,0,0,0,0,0,0,0,0,0,0,0
"MCASCADA1",D,2,2,2,2,2,2,2,2,2,2,2,2,2,2,2,2,2,2,2,2,2,2,2,2
"MCASCADA1",P,0,0,0,0,0,0,0,0,0,0,0,0,0,0,0,0,0,0,0,0,0,0,0,0
"MCAUCAN1",D,7,7,7,7,7,7,7,7,7,7,7,7,7,7,7,7,7,7,7,7,7,7,7,7
"MCAUCAN1",P,0,0,0,0,0,0,0,0,0,0,0,0,0,0,0,0,0,0,0,0,0,0,0,0
"MCAUCAN2",D,4,4,4,4,4,4,4,4,4,4,4,4,4,4,4,4,4,4,4,4,4,4,4,4
"MCAUCAN2",P,0,0,0,0,0,0,0,0,0,0,0,0,0,0,0,0,0,0,0,0,0,0,0,0
"MCIMARR1",D,20,20,20,20,20,20,20,20,20,20,20,20,20,20,20,20,20,20,20,20,20,20,20,20
"MCIMARR1",P,0,0,0,0,0,0,0,0,0,0,0,0,0,0,0,0,0,0,0,0,0,0,0,0
"MCQR1",D,3,3,3,3,3,3,3,3,3,3,3,3,3,3,3,3,3,3,3,3,3,3,3,3
"MCQR1",P,0,0,0,0,0,0,0,0,0,0,0,0,0,0,0,0,0,0,0,0,0,0,0,0
"MCUNDINAMARCA",D,0,0,0,0,0,0,0,0,0,0,0,0,0,0,0,0,0,0,0,0,0,0,0,0
"MCUNDINAMARCA",P,0,0,0,0,0,0,0,0,0,0,0,0,0,0,0,0,0,0,0,0,0,0,0,0
"MCURRUCU",D,1,1,1,1,1,1,1,1,1,1,1,1,1,1,1,1,1,1,1,1,1,1,1,1
"MCURRUCU",P,0,0,0,0,0,0,0,0,0,0,0,0,0,0,0,0,0,0,0,0,0,0,0,0
"MELBOSQUE",D,2,2,2,2,2,2,2,2,2,2,2,2,2,2,2,2,2,2,2,2,2,2,2,2
"MELBOSQUE",P,0,0,0,0,0,0,0,0,0,0,0,0,0,0,0,0,0,0,0,0,0,0,0,0
"MEMCALI",D,0,0,0,0,0,0,0,0,0,0,0,0,0,0,0,0,0,0,0,0,0,0,0,0
"MEMCALI",P,0,0,0,0,0,0,0,0,0,0,0,0,0,0,0,0,0,0,0,0,0,0,0,0
"MERILEC1",D,169,169,169,169,169,169,169,169,169,169,169,169,169,169,169,169,169,169,169,169,169,169,169,169
"MERILEC1",P,217035,217035,217035,217035,217035,217035,217035,217035,217035,217035,217035,217035,217035,217035,217035,217035,217035,217035,217035,217035,217035,217035,217035,217035
"MGUANAQUITA",D,10,10,10,10,10,10,10,10,10,10,10,10,10,10,10,10,10,10,10,10,10,10,10,10
"MGUANAQUITA",P,0,0,0,0,0,0,0,0,0,0,0,0,0,0,0,0,0,0,0,0,0,0,0,0
"MHUILAQ1",D,3,3,3,3,3,3,3,3,3,3,3,3,3,3,3,3,3,3,3,3,3,3,3,3
"MHUILAQ1",P,0,0,0,0,0,0,0,0,0,0,0,0,0,0,0,0,0,0,0,0,0,0,0,0
"MIEL1",D,258,258,258,258,258,258,258,258,258,258,258,258,258,132,132,258,258,258,258,258,258,258,258,258
"MIEL1",P,180000,180000,180000,180000,180000,180000,180000,180000,180000,180000,180000,180000,180000,180000,180000,180000,180000,180000,180000,180000,180000,180000,180000,180000
"MJEPIRAC",D,4,4,3,3,3,3,3,4,4,4,5,6,7,8,9,10,10,9,8,6,6,5,5,4
"MJEPIRAC",P,0,0,0,0,0,0,0,0,0,0,0,0,0,0,0,0,0,0,0,0,0,0,0,0
"MMONTAÑITAS",D,20,20,20,20,20,20,20,20,20,20,20,20,20,20,20,20,20,20,20,20,20,20,20,20
"MMONTAÑITAS",P,0,0,0,0,0,0,0,0,0,0,0,0,0,0,0,0,0,0,0,0,0,0,0,0
"MMORRO1",D,20,20,20,20,20,20,20,20,20,20,20,20,20,20,20,20,20,20,20,20,20,20,20,20
"MMORRO1",P,0,0,0,0,0,0,0,0,0,0,0,0,0,0,0,0,0,0,0,0,0,0,0,0
"MMORRO2",D,19,19,19,19,19,19,19,19,19,19,19,19,19,19,19,19,19,19,19,19,19,19,19,19
"MMORRO2",P,0,0,0,0,0,0,0,0,0,0,0,0,0,0,0,0,0,0,0,0,0,0,0,0
"MNLIBARE",D,2,2,2,2,2,2,2,2,2,2,2,2,2,2,2,2,2,2,2,2,2,2,2,2
"MNLIBARE",P,0,0,0,0,0,0,0,0,0,0,0,0,0,0,0,0,0,0,0,0,0,0,0,0
"MNORDE1",D,9,9,9,9,9,9,9,9,9,9,9,9,9,9,9,9,9,9,9,9,9,9,9,9
"MNORDE1",P,0,0,0,0,0,0,0,0,0,0,0,0,0,0,0,0,0,0,0,0,0,0,0,0
"MPRADO4",D,5,5,5,5,5,5,5,5,5,5,5,5,5,5,5,5,5,5,5,5,5,5,5,5
"MPRADO4",P,0,0,0,0,0,0,0,0,0,0,0,0,0,0,0,0,0,0,0,0,0,0,0,0
"MRIOMAYO",D,20,20,20,20,20,20,20,20,20,20,20,20,20,20,20,20,20,20,20,20,20,20,20,20
"MRIOMAYO",P,0,0,0,0,0,0,0,0,0,0,0,0,0,0,0,0,0,0,0,0,0,0,0,0
"MSANTANA",D,5,5,5,5,5,5,5,5,5,5,5,5,5,5,5,5,5,5,5,5,5,5,5,5
"MSANTANA",P,0,0,0,0,0,0,0,0,0,0,0,0,0,0,0,0,0,0,0,0,0,0,0,0
"MSANTARITA",D,1,1,1,1,1,1,1,1,1,1,1,1,1,1,1,1,1,1,1,1,1,1,1,1
"MSANTARITA",P,0,0,0,0,0,0,0,0,0,0,0,0,0,0,0,0,0,0,0,0,0,0,0,0
"MSANTIAGO",D,1,1,1,1,1,1,1,1,1,1,1,1,1,1,1,1,1,1,1,1,1,1,1,1
"MSANTIAGO",P,0,0,0,0,0,0,0,0,0,0,0,0,0,0,0,0,0,0,0,0,0,0,0,0
"MTOLIMA1",D,4,4,4,4,4,4,4,4,4,4,4,4,4,4,4,4,4,4,4,4,4,4,4,4
"MTOLIMA1",P,0,0,0,0,0,0,0,0,0,0,0,0,0,0,0,0,0,0,0,0,0,0,0,0
"MTULUA",D,7,7,7,7,7,7,7,7,7,7,7,7,7,7,7,7,7,7,7,7,7,7,7,7
"MTULUA",P,0,0,0,0,0,0,0,0,0,0,0,0,0,0,0,0,0,0,0,0,0,0,0,0
"MVALLEC1",D,7,7,7,7,7,7,7,7,7,7,7,7,7,7,7,7,7,7,7,7,7,7,7,7
"MVALLEC1",P,0,0,0,0,0,0,0,0,0,0,0,0,0,0,0,0,0,0,0,0,0,0,0,0
"MYOPAL1",D,19,19,19,19,19,19,19,19,19,19,19,19,19,19,19,19,19,19,19,19,19,19,19,19
"MYOPAL1",P,0,0,0,0,0,0,0,0,0,0,0,0,0,0,0,0,0,0,0,0,0,0,0,0
"M_AMAIME",D,19,19,19,19,19,19,19,19,19,19,19,19,19,19,19,19,19,19,19,19,19,19,19,19
"M_AMAIME",P,0,0,0,0,0,0,0,0,0,0,0,0,0,0,0,0,0,0,0,0,0,0,0,0
"M_PROVIDEN",D,8,8,8,9,8,9,9,9,9,9,8,8,8,8,9,9,9,9,9,9,9,9,9,8
"M_PROVIDEN",P,0,0,0,0,0,0,0,0,0,0,0,0,0,0,0,0,0,0,0,0,0,0,0,0
"PAGUA",D,600,600,600,600,600,600,600,600,600,600,600,600,600,600,600,600,600,600,600,600,600,600,600,600
"PAGUA",P,170000,170000,170000,170000,170000,170000,170000,170000,170000,170000,170000,170000,170000,170000,170000,170000,170000,170000,170000,170000,170000,170000,170000,170000
"PAIPA1",D,31,31,31,31,31,31,31,31,31,31,31,31,31,31,31,31,31,31,31,31,31,31,31,31
"PAIPA1",P,241000,241000,241000,241000,241000,241000,241000,241000,241000,241000,241000,241000,241000,241000,241000,241000,241000,241000,241000,241000,241000,241000,241000,241000
"PAIPA2",D,59,59,59,59,59,59,59,59,59,59,59,59,59,59,59,59,59,59,59,59,59,59,59,59
"PAIPA2",P,121000,121000,121000,121000,121000,121000,121000,121000,121000,121000,121000,121000,121000,121000,121000,121000,121000,121000,121000,121000,121000,121000,121000,121000
"PAIPA3",D,0,0,0,0,0,0,0,0,0,0,0,0,0,0,0,0,0,0,0,0,0,0,0,0
"PAIPA3",P,180000,180000,180000,180000,180000,180000,180000,180000,180000,180000,180000,180000,180000,180000,180000,180000,180000,180000,180000,180000,180000,180000,180000,180000
"PAIPA4",D,150,150,150,150,150,150,150,150,150,150,150,150,150,150,150,150,150,150,150,150,150,150,150,150
"PAIPA4",P,141000,141000,141000,141000,141000,141000,141000,141000,141000,141000,141000,141000,141000,141000,141000,141000,141000,141000,141000,141000,141000,141000,141000,141000
"PALENQ3",D,0,0,0,0,0,0,0,0,0,0,0,0,0,0,0,0,0,0,0,0,0,0,0,0
"PALENQ3",P,897583,897583,897583,897583,897583,897583,897583,897583,897583,897583,897583,897583,897583,897583,897583,897583,897583,897583,897583,897583,897583,897583,897583,897583
"PLAYAS",D,201,201,201,201,201,201,201,201,201,201,201,201,201,201,201,201,201,201,201,201,201,201,201,201
"PLAYAS",P,90000,90000,90000,90000,90000,90000,90000,90000,90000,90000,90000,90000,90000,90000,90000,90000,90000,90000,90000,90000,90000,90000,90000,90000
"PORCE2",D,405,405,405,405,405,405,405,405,405,405,405,405,405,405,405,405,405,405,405,405,405,405,405,405
"PORCE2",P,95000,95000,95000,95000,95000,95000,95000,95000,95000,95000,95000,95000,95000,95000,95000,95000,95000,95000,95000,95000,95000,95000,95000,95000
"PORCE3",D,660,660,660,660,660,660,660,660,660,660,660,660,660,660,660,660,660,660,660,660,660,660,660,660
"PORCE3",P,50000,50000,50000,50000,50000,50000,50000,50000,50000,50000,50000,50000,50000,50000,50000,50000,50000,50000,50000,50000,50000,50000,50000,50000
"PRADO",D,46,46,46,46,46,46,46,46,46,46,46,46,46,46,46,46,46,46,46,46,46,46,46,46
"PRADO",P,115000,115000,115000,115000,115000,115000,115000,115000,115000,115000,115000,115000,115000,115000,115000,115000,115000,115000,115000,115000,115000,115000,115000,115000
"PROELEC1",D,0,0,0,0,0,0,0,0,0,0,0,0,0,0,0,0,0,0,0,0,0,0,0,0
"PROELEC1",P,245636,245636,245636,245636,245636,245636,245636,245636,245636,245636,245636,245636,245636,245636,245636,245636,245636,245636,245636,245636,245636,245636,245636,245636
"PROELEC2",D,45,45,45,45,45,45,45,45,45,45,45,45,45,45,45,45,45,45,45,45,45,45,45,45
"PROELEC2",P,245636,245636,245636,245636,245636,245636,245636,245636,245636,245636,245636,245636,245636,245636,245636,245636,245636,245636,245636,245636,245636,245636,245636,245636
"RPIEDRAS",D,20,20,20,20,20,20,20,20,20,20,20,20,20,20,20,20,20,20,20,20,20,20,20,20
"RPIEDRAS",P,0,0,0,0,0,0,0,0,0,0,0,0,0,0,0,0,0,0,0,0,0,0,0,0
"SALVAJINA",D,190,190,190,190,190,190,190,190,190,190,190,190,190,190,190,190,190,190,190,190,190,190,190,190
"SALVAJINA",P,225000,225000,225000,225000,225000,225000,225000,225000,225000,225000,225000,225000,225000,225000,225000,225000,225000,225000,225000,225000,225000,225000,225000,225000
"SANCARLOS",D,1240,1240,1240,1240,1240,1240,1240,1240,1240,1240,1240,1240,1240,1240,1240,1240,1240,1240,1240,1240,1240,1240,1240,1240
"SANCARLOS",P,140000,140000,140000,140000,140000,140000,140000,140000,140000,140000,140000,140000,140000,140000,140000,140000,140000,140000,140000,140000,140000,140000,140000,140000
"SANFRANCISCO",D,0,0,0,0,0,0,0,0,0,135,135,135,0,0,0,0,0,0,135,135,135,45,0,0
"SANFRANCISCO",P,0,0,0,0,0,0,0,0,0,0,0,0,0,0,0,0,0,0,0,0,0,0,0,0
"TASAJER1",D,155,155,155,155,155,155,155,155,155,155,155,155,155,155,155,155,155,155,155,155,155,155,155,155
"TASAJER1",P,164680,164680,164680,164680,164680,164680,164680,164680,164680,164680,164680,164680,164680,164680,164680,164680,164680,164680,164680,164680,164680,164680,164680,164680
"TCANDEL1",D,157,157,157,157,157,157,157,157,157,157,157,157,157,157,157,157,157,157,157,157,157,157,157,157
"TCANDEL1",P,1209153,1209153,1209153,1209153,1209153,1209153,1209153,1209153,1209153,1209153,1209153,1209153,1209153,1209153,1209153,1209153,1209153,1209153,1209153,1209153,1209153,1209153,1209153,1209153
"TCANDEL2",D,155,155,155,155,155,155,155,155,155,155,155,155,155,155,155,155,155,155,155,155,155,155,155,155
"TCANDEL2",P,1193798,1193798,1193798,1193798,1193798,1193798,1193798,1193798,1193798,1193798,1193798,1193798,1193798,1193798,1193798,1193798,1193798,1193798,1193798,1193798,1193798,1193798,1193798,1193798
"TCENTRO1",D,276,276,276,276,276,276,276,276,276,276,276,276,276,276,276,276,276,276,276,276,276,276,276,276
"TCENTRO1",P,456416,456416,456416,456416,456416,456416,456416,456416,456416,456416,456416,456416,456416,456416,456416,456416,456416,456416,456416,456416,456416,456416,456416,456416
"TEBSA",D,791,791,791,791,791,791,791,791,791,791,791,791,791,791,791,791,791,791,791,791,791,791,791,791
"TEBSA",P,180598,180598,180598,180598,180598,180598,180598,180598,180598,180598,180598,180598,180598,180598,180598,180598,180598,180598,180598,180598,180598,180598,180598,180598
"TEMCALI",D,229,229,229,229,229,229,229,229,229,229,229,229,229,229,229,229,229,229,229,229,229,229,229,229
"TEMCALI",P,180000,180000,180000,180000,180000,180000,180000,180000,180000,180000,180000,180000,180000,180000,180000,180000,180000,180000,180000,180000,180000,180000,180000,180000
"TPIEDRAS",D,0,0,0,0,0,0,0,0,0,0,0,0,0,0,0,0,0,0,0,0,0,0,0,0
"TPIEDRAS",P,0,0,0,0,0,0,0,0,0,0,0,0,0,0,0,0,0,0,0,0,0,0,0,0
"TSIERRA",D,228,228,228,228,228,228,228,228,228,228,228,228,228,228,228,228,228,228,228,228,228,228,228,228
"TSIERRA",P,216019,216019,216019,216019,216019,216019,216019,216019,216019,216019,216019,216019,216019,216019,216019,216019,216019,216019,216019,216019,216019,216019,216019,216019
"TVALLE",D,0,0,0,0,0,0,0,0,0,0,10,35,35,35,120,0,0,0,0,0,0,0,0,0
"TVALLE",P,217128,217128,217128,217128,217128,217128,217128,217128,217128,217128,217128,217128,217128,217128,217128,217128,217128,217128,217128,217128,217128,217128,217128,217128
"TYOPAL2",D,0,0,0,0,0,0,0,0,0,0,0,0,0,0,0,0,0,0,0,0,0,0,0,0
"TYOPAL2",P,70000,70000,70000,70000,70000,70000,70000,70000,70000,70000,70000,70000,70000,70000,70000,70000,70000,70000,70000,70000,70000,70000,70000,70000
"URRA",D,216,216,216,216,216,216,216,216,216,216,216,216,216,216,216,216,280,280,280,280,280,280,216,216
"URRA",P,35000,35000,35000,35000,35000,35000,35000,35000,35000,35000,35000,35000,35000,35000,35000,35000,35000,35000,35000,35000,35000,35000,35000,35000
"VENEZUE1",D,0,0,0,0,0,0,0,0,0,0,0,0,0,0,0,0,0,0,0,0,0,0,0,0
"VENEZUE1",P,270921,270921,270921,270921,270921,270921,270921,270921,270921,270921,270921,270921,270921,270921,270921,270921,270921,270921,307935,307935,307935,270921,270921,270921
"ZIPAEMG2",D,0,0,0,0,0,0,0,0,0,0,0,0,0,0,0,0,0,0,0,0,0,0,0,0
"ZIPAEMG2",P,200000,200000,200000,200000,200000,200000,200000,200000,200000,200000,200000,200000,200000,200000,200000,200000,200000,200000,200000,200000,200000,200000,200000,200000
"ZIPAEMG3",D,63,63,63,63,63,63,63,63,63,63,63,63,63,63,63,63,63,63,63,63,63,63,63,63
"ZIPAEMG3",P,139000,139000,139000,139000,139000,139000,139000,139000,139000,139000,139000,139000,139000,139000,139000,139000,139000,139000,139000,139000,139000,139000,139000,139000
"ZIPAEMG4",D,64,64,64,64,64,64,64,64,64,64,64,64,64,64,64,64,64,64,64,64,64,64,64,64
"ZIPAEMG4",P,145000,145000,145000,145000,145000,145000,145000,145000,145000,145000,145000,145000,145000,145000,145000,145000,145000,145000,145000,145000,145000,145000,145000,145000
"ZIPAEMG5",D,64,64,64,64,64,64,64,64,64,64,64,64,64,64,64,64,64,64,64,64,64,64,64,64
"ZIPAEMG5",P,142000,142000,142000,142000,142000,142000,142000,142000,142000,142000,142000,142000,142000,142000,142000,142000,142000,142000,142000,142000,142000,142000,142000,142000
