"ALBAN",D,292,292,292,292,292,292,292,292,292,292,292,292,292,292,292,292,292,292,292,292,292,292,292,292
"ALBAN",P,170000,170000,170000,170000,170000,170000,170000,170000,170000,170000,170000,170000,170000,170000,170000,170000,170000,170000,170000,170000,170000,170000,170000,170000
"BARRANQ3",D,60,60,60,60,60,60,60,60,60,60,60,60,60,60,60,60,60,60,60,60,60,60,60,60
"BARRANQ3",P,731112,731112,731112,731112,731112,731112,731112,731112,731112,731112,731112,731112,731112,731112,731112,731112,731112,731112,731112,731112,731112,731112,731112,731112
"BARRANQ4",D,60,60,60,60,60,60,60,60,60,60,60,60,60,60,60,60,60,60,60,60,60,60,60,60
"BARRANQ4",P,736342,736342,736342,736342,736342,736342,736342,736342,736342,736342,736342,736342,736342,736342,736342,736342,736342,736342,736342,736342,736342,736342,736342,736342
"BETANIA",D,510,510,510,510,510,510,510,510,510,510,510,510,510,510,510,510,510,510,510,510,510,510,510,510
"BETANIA",P,350000,350000,350000,350000,350000,350000,350000,350000,350000,350000,350000,350000,350000,350000,350000,350000,350000,350000,350000,350000,350000,350000,350000,350000
"CALIMA1",D,66,66,66,66,66,66,66,66,66,66,66,66,66,66,66,66,66,66,66,66,66,66,66,66
"CALIMA1",P,250000,250000,250000,250000,250000,250000,250000,250000,250000,250000,250000,250000,250000,250000,250000,250000,250000,250000,250000,250000,250000,250000,250000,250000
"CHIVOR",D,875,875,875,875,875,875,875,875,875,875,875,875,875,875,875,875,875,875,875,875,875,875,875,875
"CHIVOR",P,225000,225000,225000,225000,225000,225000,225000,225000,225000,225000,225000,225000,225000,225000,225000,225000,225000,225000,225000,225000,225000,225000,225000,225000
"COINCAUCA",D,2,2,3,3,2,2,3,3,3,3,3,2,2,3,2,2,3,2,2,3,2,2,2,2
"COINCAUCA",P,0,0,0,0,0,0,0,0,0,0,0,0,0,0,0,0,0,0,0,0,0,0,0,0
"COROZO1",D,0,0,0,0,0,0,0,0,0,0,0,0,0,0,0,0,0,0,0,0,0,0,0,0
"COROZO1",P,420000,420000,420000,420000,420000,420000,420000,420000,420000,420000,420000,420000,420000,420000,420000,420000,420000,420000,420000,420000,420000,420000,420000,420000
"CSANCARLOS",D,0,0,0,0,0,0,0,0,0,0,0,0,0,0,0,0,0,0,0,0,0,0,0,0
"CSANCARLOS",P,0,0,0,0,0,0,0,0,0,0,0,0,0,0,0,0,0,0,0,0,0,0,0,0
"CTGEMG1",D,61,61,61,61,61,61,61,61,61,61,61,61,61,61,61,61,61,61,61,61,61,61,61,61
"CTGEMG1",P,780000,780000,780000,780000,780000,780000,780000,780000,780000,780000,780000,780000,780000,780000,780000,780000,780000,780000,780000,780000,780000,780000,780000,780000
"CTGEMG2",D,0,0,0,0,0,0,0,0,0,0,0,0,0,0,0,0,0,0,0,0,0,0,0,0
"CTGEMG2",P,840000,840000,840000,840000,840000,840000,840000,840000,840000,840000,840000,840000,840000,840000,840000,840000,840000,840000,840000,840000,840000,840000,840000,840000
"CTGEMG3",D,66,66,66,66,66,66,66,66,66,66,66,66,66,66,66,66,66,66,66,66,66,66,66,66
"CTGEMG3",P,810000,810000,810000,810000,810000,810000,810000,810000,810000,810000,810000,810000,810000,810000,810000,810000,810000,810000,810000,810000,810000,810000,810000,810000
"CVALLEC1",D,0,0,0,0,0,0,0,0,0,0,0,0,0,0,0,0,0,0,0,0,0,0,0,0
"CVALLEC1",P,0,0,0,0,0,0,0,0,0,0,0,0,0,0,0,0,0,0,0,0,0,0,0,0
"DORADA1",D,46,46,46,46,46,46,46,46,46,46,46,46,46,46,46,46,46,46,46,46,46,46,46,46
"DORADA1",P,597457,597457,597457,597457,597457,597457,597457,597457,597457,597457,597457,597457,597457,597457,597457,597457,597457,597457,597457,597457,597457,597457,597457,597457
"ECUADOR11",D,0,0,0,0,0,0,0,0,0,0,0,0,0,0,0,0,0,0,0,0,0,0,0,0
"ECUADOR11",P,183922,184057,170831,185074,184263,184023,183883,233629,232738,230678,230308,229869,230149,240528,240330,240427,237866,231526,250720,245576,235410,231229,197605,190242
"ECUADOR12",D,0,0,0,0,0,0,0,0,0,0,0,0,0,0,0,0,0,0,0,0,0,0,0,0
"ECUADOR12",P,0,0,0,0,0,0,0,0,0,0,0,0,0,0,0,0,0,0,0,0,0,0,0,0
"ECUADOR13",D,0,0,0,0,0,0,0,0,0,0,0,0,0,0,0,0,0,0,0,0,0,0,0,0
"ECUADOR13",P,0,0,0,0,0,0,0,0,0,0,0,0,0,0,0,0,0,0,0,0,0,0,0,0
"ECUADOR14",D,0,0,0,0,0,0,0,0,0,0,0,0,0,0,0,0,0,0,0,0,0,0,0,0
"ECUADOR14",P,0,0,0,0,0,0,0,0,0,0,0,0,0,0,0,0,0,0,0,0,0,0,0,0
"ECUADOR21",D,0,0,0,0,0,0,0,0,0,0,0,0,0,0,0,0,0,0,0,0,0,0,0,0
"ECUADOR21",P,183922,184057,170831,185074,184263,184023,183883,233629,232738,230678,230308,229869,230149,240528,240330,240427,237866,231526,250720,245576,235410,231229,197605,190241
"ECUADOR22",D,0,0,0,0,0,0,0,0,0,0,0,0,0,0,0,0,0,0,0,0,0,0,0,0
"ECUADOR22",P,116396,101574,101666,101682,101600,116034,115661,102922,113994,117135,126757,126736,126728,124955,124766,113697,113731,138765,166548,159470,157953,141809,111020,104182
"ECUADOR23",D,0,0,0,0,0,0,0,0,0,0,0,0,0,0,0,0,0,0,0,0,0,0,0,0
"ECUADOR23",P,122884,137876,137914,137953,137609,112715,106481,134686,156667,156815,163254,163312,163565,163449,193081,163572,156814,157367,250548,235095,206962,163939,117107,113777
"ECUADOR24",D,0,0,0,0,0,0,0,0,0,0,0,0,0,0,0,0,0,0,0,0,0,0,0,0
"ECUADOR24",P,0,0,0,0,0,0,0,0,0,0,0,0,0,0,0,0,0,0,0,0,0,0,0,0
"ESMERALDA",D,25,25,25,25,25,25,25,25,25,25,25,25,25,25,25,25,25,25,25,25,25,25,25,25
"ESMERALDA",P,0,0,0,0,0,0,0,0,0,0,0,0,0,0,0,0,0,0,0,0,0,0,0,0
"FLORES IV",D,174,174,174,174,174,174,174,174,174,174,174,174,174,174,174,174,174,174,174,174,174,174,174,174
"FLORES IV",P,177985,177985,177985,177985,177985,177985,177985,177985,177985,177985,177985,177985,177985,177985,177985,177985,177985,177985,177985,177985,177985,177985,177985,177985
"FLORES1",D,158,158,158,158,158,158,158,158,158,158,158,158,158,158,158,158,158,158,158,158,158,158,158,158
"FLORES1",P,189890,189890,189890,189890,189890,189890,189890,189890,189890,189890,189890,189890,189890,189890,189890,189890,189890,189890,189890,189890,189890,189890,189890,189890
"FLORIDA2",D,8,8,8,8,8,8,8,8,8,8,8,8,8,8,8,8,8,8,8,8,8,8,8,8
"FLORIDA2",P,0,0,0,0,0,0,0,0,0,0,0,0,0,0,0,0,0,0,0,0,0,0,0,0
"GUAJIR11",D,145,145,145,145,145,145,145,145,145,145,145,145,145,145,145,145,145,145,145,145,145,145,145,145
"GUAJIR11",P,149486,149486,149486,149486,149486,149486,149486,149486,149486,149486,149486,149486,149486,149486,149486,149486,149486,149486,149486,149486,149486,149486,149486,149486
"GUAJIR21",D,0,0,0,0,0,0,0,0,0,0,0,0,0,0,0,0,0,0,0,0,0,0,0,0
"GUAJIR21",P,152057,152057,152057,152057,152057,152057,152057,152057,152057,152057,152057,152057,152057,152057,152057,152057,152057,152057,152057,152057,152057,152057,152057,152057
"GUATAPE",D,560,560,560,560,560,560,560,560,560,560,560,560,560,560,560,560,560,560,560,560,560,560,560,560
"GUATAPE",P,34285,34285,34285,34285,34285,34285,34285,34285,34285,34285,34285,34285,34285,34285,34285,34285,34285,34285,34285,34285,34285,34285,34285,34285
"GUATRON",D,512,512,512,512,512,512,512,512,512,512,512,512,512,512,512,512,512,512,512,512,512,512,512,512
"GUATRON",P,230000,230000,230000,230000,230000,230000,230000,230000,230000,230000,230000,230000,230000,230000,230000,230000,230000,230000,230000,230000,230000,230000,230000,230000
"GUAVIO",D,1200,1200,1200,1200,1200,1200,1200,1200,1200,1200,1200,1200,1200,1200,1200,1200,1200,1200,1200,1200,1200,1200,1200,1200
"GUAVIO",P,190000,190000,190000,190000,190000,190000,190000,190000,190000,190000,190000,190000,190000,190000,190000,190000,190000,190000,190000,190000,190000,190000,190000,190000
"INSULA",D,11,11,11,11,11,11,11,11,11,11,11,11,11,11,11,11,11,11,11,11,11,11,11,11
"INSULA",P,0,0,0,0,0,0,0,0,0,0,0,0,0,0,0,0,0,0,0,0,0,0,0,0
"JAGUAS",D,170,170,170,170,170,170,170,170,170,170,170,170,170,170,170,170,170,170,170,170,170,170,170,170
"JAGUAS",P,34285,34285,34285,34285,34285,34285,34285,34285,34285,34285,34285,34285,34285,34285,34285,34285,34285,34285,34285,34285,34285,34285,34285,34285
"LATASAJERA",D,306,306,306,306,306,306,306,306,306,306,306,306,306,306,306,306,306,306,306,306,306,306,306,306
"LATASAJERA",P,34285,34285,34285,34285,34285,34285,34285,34285,34285,34285,34285,34285,34285,34285,34285,34285,34285,34285,34285,34285,34285,34285,34285,34285
"MAGUAFRE",D,7,7,7,7,7,7,7,7,7,7,7,7,7,7,7,7,7,7,7,7,7,7,7,7
"MAGUAFRE",P,0,0,0,0,0,0,0,0,0,0,0,0,0,0,0,0,0,0,0,0,0,0,0,0
"MALTOTULUA1",D,0,0,0,0,0,0,0,0,0,0,0,0,0,0,0,0,0,0,0,0,0,0,0,0
"MALTOTULUA1",P,0,0,0,0,0,0,0,0,0,0,0,0,0,0,0,0,0,0,0,0,0,0,0,0
"MANTIOQ1",D,50,50,50,50,50,50,50,50,50,50,50,50,50,50,50,50,50,50,50,50,50,50,50,50
"MANTIOQ1",P,0,0,0,0,0,0,0,0,0,0,0,0,0,0,0,0,0,0,0,0,0,0,0,0
"MBARROSO1",D,20,20,20,20,20,20,20,20,20,20,20,20,20,20,20,20,20,20,20,20,20,20,20,20
"MBARROSO1",P,0,0,0,0,0,0,0,0,0,0,0,0,0,0,0,0,0,0,0,0,0,0,0,0
"MBELMONTE",D,0,0,0,0,0,0,0,0,0,0,0,0,0,0,0,0,0,0,0,0,0,0,0,0
"MBELMONTE",P,0,0,0,0,0,0,0,0,0,0,0,0,0,0,0,0,0,0,0,0,0,0,0,0
"MBOGOTA1",D,0,0,0,0,0,0,0,0,0,0,0,0,0,0,0,0,0,0,0,0,0,0,0,0
"MBOGOTA1",P,0,0,0,0,0,0,0,0,0,0,0,0,0,0,0,0,0,0,0,0,0,0,0,0
"MCALDERAS",D,5,5,5,5,5,5,5,5,5,15,15,15,15,5,5,5,5,5,20,20,20,5,5,5
"MCALDERAS",P,0,0,0,0,0,0,0,0,0,0,0,0,0,0,0,0,0,0,0,0,0,0,0,0
"MCARUQUIA",D,10,10,10,10,10,10,10,10,10,10,10,10,10,10,10,10,10,10,10,10,10,10,10,10
"MCARUQUIA",P,0,0,0,0,0,0,0,0,0,0,0,0,0,0,0,0,0,0,0,0,0,0,0,0
"MCASCADA1",D,2,2,2,2,2,2,2,2,2,2,2,2,2,2,2,2,2,2,2,2,2,2,2,2
"MCASCADA1",P,0,0,0,0,0,0,0,0,0,0,0,0,0,0,0,0,0,0,0,0,0,0,0,0
"MCAUCAN1",D,2,2,2,2,2,2,2,2,2,2,2,2,2,2,2,2,2,2,2,2,2,2,2,2
"MCAUCAN1",P,0,0,0,0,0,0,0,0,0,0,0,0,0,0,0,0,0,0,0,0,0,0,0,0
"MCAUCAN2",D,4,4,4,4,4,4,4,4,4,4,4,4,4,4,4,4,4,4,4,4,4,4,4,4
"MCAUCAN2",P,0,0,0,0,0,0,0,0,0,0,0,0,0,0,0,0,0,0,0,0,0,0,0,0
"MCIMARR1",D,20,20,20,20,20,20,20,20,20,20,20,20,20,20,20,20,20,20,20,20,20,20,20,20
"MCIMARR1",P,0,0,0,0,0,0,0,0,0,0,0,0,0,0,0,0,0,0,0,0,0,0,0,0
"MCQR1",D,2,2,2,2,2,2,2,2,2,2,2,2,2,2,2,2,2,2,2,2,2,2,2,2
"MCQR1",P,0,0,0,0,0,0,0,0,0,0,0,0,0,0,0,0,0,0,0,0,0,0,0,0
"MCUNDINAMARCA",D,0,0,0,0,0,0,0,0,0,0,0,0,0,0,0,0,0,0,0,0,0,0,0,0
"MCUNDINAMARCA",P,0,0,0,0,0,0,0,0,0,0,0,0,0,0,0,0,0,0,0,0,0,0,0,0
"MCURRUCU",D,1,1,1,1,1,1,1,1,1,1,1,1,1,1,1,1,1,1,1,1,1,1,1,1
"MCURRUCU",P,0,0,0,0,0,0,0,0,0,0,0,0,0,0,0,0,0,0,0,0,0,0,0,0
"MELBOSQUE",D,2,2,2,2,2,2,2,2,2,2,2,2,2,2,2,2,2,2,2,2,2,2,2,2
"MELBOSQUE",P,0,0,0,0,0,0,0,0,0,0,0,0,0,0,0,0,0,0,0,0,0,0,0,0
"MEMCALI",D,0,0,0,0,0,0,0,0,0,0,0,0,0,0,0,0,0,0,0,0,0,0,0,0
"MEMCALI",P,0,0,0,0,0,0,0,0,0,0,0,0,0,0,0,0,0,0,0,0,0,0,0,0
"MERILEC1",D,169,169,169,169,169,169,169,169,169,169,169,169,169,169,169,169,169,169,169,169,169,169,169,169
"MERILEC1",P,470254,470254,470254,470254,470254,470254,470254,470254,470254,470254,470254,470254,470254,470254,470254,470254,470254,470254,470254,470254,470254,470254,470254,470254
"MGUANAQUITA",D,10,10,10,10,10,10,10,10,10,10,10,10,10,10,10,10,10,10,10,10,10,10,10,10
"MGUANAQUITA",P,0,0,0,0,0,0,0,0,0,0,0,0,0,0,0,0,0,0,0,0,0,0,0,0
"MHUILAQ1",D,3,3,3,3,3,3,3,3,3,3,3,3,3,3,3,3,3,3,3,3,3,3,3,3
"MHUILAQ1",P,0,0,0,0,0,0,0,0,0,0,0,0,0,0,0,0,0,0,0,0,0,0,0,0
"MIEL1",D,375,375,375,375,375,375,375,375,375,375,375,375,375,375,375,375,375,375,375,375,375,375,375,375
"MIEL1",P,201000,201000,201000,201000,201000,201000,201000,201000,201000,201000,201000,201000,201000,201000,201000,201000,201000,201000,201000,201000,201000,201000,201000,201000
"MJEPIRAC",D,1,1,1,1,1,1,1,1,1,2,2,3,3,4,5,5,5,5,4,3,2,2,1,1
"MJEPIRAC",P,0,0,0,0,0,0,0,0,0,0,0,0,0,0,0,0,0,0,0,0,0,0,0,0
"MMONTAÑITAS",D,20,20,20,20,20,20,20,20,20,20,20,20,20,20,20,20,20,20,20,20,20,20,20,20
"MMONTAÑITAS",P,0,0,0,0,0,0,0,0,0,0,0,0,0,0,0,0,0,0,0,0,0,0,0,0
"MMORRO1",D,0,0,0,0,0,0,0,0,0,0,0,0,0,0,0,0,0,0,0,0,0,0,0,0
"MMORRO1",P,0,0,0,0,0,0,0,0,0,0,0,0,0,0,0,0,0,0,0,0,0,0,0,0
"MMORRO2",D,19,19,19,19,19,19,19,19,19,19,19,19,19,19,19,19,19,19,19,19,19,19,19,19
"MMORRO2",P,0,0,0,0,0,0,0,0,0,0,0,0,0,0,0,0,0,0,0,0,0,0,0,0
"MNLIBARE",D,2,2,2,2,2,2,2,2,2,2,2,2,2,2,2,2,2,2,2,2,2,2,2,2
"MNLIBARE",P,0,0,0,0,0,0,0,0,0,0,0,0,0,0,0,0,0,0,0,0,0,0,0,0
"MNORDE1",D,3,3,3,3,3,3,3,3,3,3,3,3,3,3,3,3,3,3,3,3,3,3,3,3
"MNORDE1",P,0,0,0,0,0,0,0,0,0,0,0,0,0,0,0,0,0,0,0,0,0,0,0,0
"MPRADO4",D,5,5,5,5,5,5,5,5,5,5,5,5,5,5,5,5,5,5,5,5,5,5,5,5
"MPRADO4",P,0,0,0,0,0,0,0,0,0,0,0,0,0,0,0,0,0,0,0,0,0,0,0,0
"MRIOMAYO",D,7,7,7,13,13,13,13,13,13,13,13,13,0,0,0,0,0,13,13,13,13,13,13,7
"MRIOMAYO",P,0,0,0,0,0,0,0,0,0,0,0,0,0,0,0,0,0,0,0,0,0,0,0,0
"MSANTANA",D,5,5,5,5,5,5,5,5,5,5,5,5,5,5,5,5,5,5,5,5,5,5,5,5
"MSANTANA",P,0,0,0,0,0,0,0,0,0,0,0,0,0,0,0,0,0,0,0,0,0,0,0,0
"MSANTARITA",D,1,1,1,1,1,1,1,1,1,1,1,1,1,1,1,1,1,1,1,1,1,1,1,1
"MSANTARITA",P,0,0,0,0,0,0,0,0,0,0,0,0,0,0,0,0,0,0,0,0,0,0,0,0
"MSANTIAGO",D,1,1,1,1,1,1,1,1,1,1,1,1,1,1,1,1,1,1,1,1,1,1,1,1
"MSANTIAGO",P,0,0,0,0,0,0,0,0,0,0,0,0,0,0,0,0,0,0,0,0,0,0,0,0
"MTOLIMA1",D,4,4,4,4,4,4,4,4,4,4,4,4,4,4,4,4,4,4,4,4,4,4,4,4
"MTOLIMA1",P,0,0,0,0,0,0,0,0,0,0,0,0,0,0,0,0,0,0,0,0,0,0,0,0
"MTULUA",D,7,7,7,7,7,7,7,7,7,7,7,7,7,7,7,7,7,7,7,7,7,7,7,7
"MTULUA",P,0,0,0,0,0,0,0,0,0,0,0,0,0,0,0,0,0,0,0,0,0,0,0,0
"MVALLEC1",D,7,7,7,7,7,7,7,7,7,7,7,7,7,7,7,7,7,7,7,7,7,7,7,7
"MVALLEC1",P,0,0,0,0,0,0,0,0,0,0,0,0,0,0,0,0,0,0,0,0,0,0,0,0
"MYOPAL1",D,15,15,15,15,15,15,15,15,15,15,15,15,15,15,15,15,15,15,15,15,15,15,15,15
"MYOPAL1",P,0,0,0,0,0,0,0,0,0,0,0,0,0,0,0,0,0,0,0,0,0,0,0,0
"M_AMAIME",D,19,19,19,19,19,19,19,19,19,19,19,19,19,19,19,19,19,19,19,19,19,19,19,19
"M_AMAIME",P,0,0,0,0,0,0,0,0,0,0,0,0,0,0,0,0,0,0,0,0,0,0,0,0
"M_PROVIDEN",D,8,8,8,9,8,9,9,9,9,9,8,8,8,8,9,9,9,9,9,9,9,9,9,8
"M_PROVIDEN",P,0,0,0,0,0,0,0,0,0,0,0,0,0,0,0,0,0,0,0,0,0,0,0,0
"PAGUA",D,600,600,600,600,600,600,600,600,600,600,600,600,600,600,600,600,600,600,600,600,600,600,600,600
"PAGUA",P,150000,150000,150000,150000,150000,150000,150000,150000,150000,150000,150000,150000,150000,150000,150000,150000,150000,150000,150000,150000,150000,150000,150000,150000
"PAIPA1",D,31,31,31,31,31,31,31,31,31,31,31,31,31,31,31,31,31,31,31,31,31,31,31,31
"PAIPA1",P,52000,52000,52000,52000,52000,52000,52000,52000,52000,52000,52000,52000,52000,52000,52000,52000,52000,52000,52000,52000,52000,52000,52000,52000
"PAIPA2",D,57,57,57,57,57,57,57,57,57,57,57,57,57,57,57,57,57,57,57,57,57,57,57,57
"PAIPA2",P,50500,50500,50500,50500,50500,50500,50500,50500,50500,50500,50500,50500,50500,50500,50500,50500,50500,50500,50500,50500,50500,50500,50500,50500
"PAIPA3",D,70,70,70,70,70,70,70,70,70,70,70,70,70,70,70,70,70,70,70,70,70,70,70,70
"PAIPA3",P,50000,50000,50000,50000,50000,50000,50000,50000,50000,50000,50000,50000,50000,50000,50000,50000,50000,50000,50000,50000,50000,50000,50000,50000
"PAIPA4",D,137,123,108,90,71,50,24,0,0,0,0,0,0,7,40,84,120,150,150,150,150,150,150,150
"PAIPA4",P,51000,51000,51000,51000,51000,51000,51000,51000,51000,51000,51000,51000,51000,51000,51000,51000,51000,51000,51000,51000,51000,51000,51000,51000
"PALENQ3",D,0,0,0,0,0,0,0,0,0,0,0,0,0,0,0,0,0,0,0,0,0,0,0,0
"PALENQ3",P,897583,897583,897583,897583,897583,897583,897583,897583,897583,897583,897583,897583,897583,897583,897583,897583,897583,897583,897583,897583,897583,897583,897583,897583
"PLAYAS",D,201,201,201,201,201,201,201,201,201,201,201,201,201,201,201,201,201,201,201,201,201,201,201,201
"PLAYAS",P,34285,34285,34285,34285,34285,34285,34285,34285,34285,34285,34285,34285,34285,34285,34285,34285,34285,34285,34285,34285,34285,34285,34285,34285
"PORCE2",D,405,405,405,405,405,405,405,405,405,405,405,405,405,405,405,405,405,405,405,405,405,405,405,405
"PORCE2",P,34285,34285,34285,34285,34285,34285,34285,34285,34285,34285,34285,34285,34285,34285,34285,34285,34285,34285,34285,34285,34285,34285,34285,34285
"PORCE3",D,660,660,660,660,660,660,660,350,350,350,350,350,350,350,350,350,350,660,660,660,660,660,660,660
"PORCE3",P,34285,34285,34285,34285,34285,34285,34285,34285,34285,34285,34285,34285,34285,34285,34285,34285,34285,34285,34285,34285,34285,34285,34285,34285
"PRADO",D,46,46,46,46,46,46,46,46,46,46,46,46,46,46,46,46,46,46,46,46,46,46,46,46
"PRADO",P,250000,250000,250000,250000,250000,250000,250000,250000,250000,250000,250000,250000,250000,250000,250000,250000,250000,250000,250000,250000,250000,250000,250000,250000
"PROELEC1",D,45,45,45,45,45,45,45,45,45,45,45,45,45,45,45,45,45,45,45,45,45,45,45,45
"PROELEC1",P,254349,254349,254349,254349,254349,254349,254349,254349,254349,254349,254349,254349,254349,254349,254349,254349,254349,254349,254349,254349,254349,254349,254349,254349
"PROELEC2",D,45,45,45,45,45,45,45,45,45,45,45,45,45,45,45,45,45,45,45,45,45,45,45,45
"PROELEC2",P,254349,254349,254349,254349,254349,254349,254349,254349,254349,254349,254349,254349,254349,254349,254349,254349,254349,254349,254349,254349,254349,254349,254349,254349
"RPIEDRAS",D,20,20,20,20,20,20,20,20,20,20,20,20,20,20,20,20,20,20,20,20,20,20,20,20
"RPIEDRAS",P,0,0,0,0,0,0,0,0,0,0,0,0,0,0,0,0,0,0,0,0,0,0,0,0
"SALVAJINA",D,249,249,249,249,249,249,249,249,249,249,249,249,249,249,249,249,249,249,249,249,249,249,249,249
"SALVAJINA",P,1204900,1204900,1204900,1204900,1204900,1204900,1204900,1204900,1204900,1204900,1204900,1204900,1204900,1204900,1204900,1204900,1204900,1204900,1204900,1204900,1204900,1204900,1204900,1204900
"SANCARLOS",D,1085,1085,1085,1085,1085,1085,1085,1085,1085,1085,1085,1085,1085,1085,1085,1085,1085,1085,1085,1085,1085,1085,1085,1085
"SANCARLOS",P,34285,34285,34285,34285,34285,34285,34285,34285,34285,34285,34285,34285,34285,34285,34285,34285,34285,34285,34285,34285,34285,34285,34285,34285
"SANFRANCISCO",D,0,0,0,0,0,0,0,0,0,45,135,135,0,0,0,0,0,0,135,135,135,0,0,0
"SANFRANCISCO",P,0,0,0,0,0,0,0,0,0,0,0,0,0,0,0,0,0,0,0,0,0,0,0,0
"TASAJER1",D,155,155,155,155,155,155,155,155,155,155,155,155,155,155,155,155,155,155,155,155,155,155,155,155
"TASAJER1",P,148980,148980,148980,148980,148980,148980,148980,148980,148980,148980,148980,148980,148980,148980,148980,148980,148980,148980,148980,148980,148980,148980,148980,148980
"TCANDEL1",D,157,157,157,157,157,157,157,157,157,157,157,157,157,157,157,157,157,157,157,157,157,157,157,157
"TCANDEL1",P,1296114,1296114,1296114,1296114,1296114,1296114,1296114,1296114,1296114,1296114,1296114,1296114,1296114,1296114,1296114,1296114,1296114,1296114,1296114,1296114,1296114,1296114,1296114,1296114
"TCANDEL2",D,155,155,155,155,155,155,155,155,155,155,155,155,155,155,155,155,155,155,155,155,155,155,155,155
"TCANDEL2",P,1343615,1343615,1343615,1343615,1343615,1343615,1343615,1343615,1343615,1343615,1343615,1343615,1343615,1343615,1343615,1343615,1343615,1343615,1343615,1343615,1343615,1343615,1343615,1343615
"TCENTRO1",D,278,278,278,278,278,278,278,278,278,278,278,278,278,278,278,278,278,278,278,278,278,278,278,278
"TCENTRO1",P,135378,135378,135378,135378,135378,135378,135378,135378,135378,135378,135378,135378,135378,135378,135378,135378,135378,135378,135378,135378,135378,135378,135378,135378
"TEBSA",D,791,791,791,791,791,791,791,791,791,791,791,791,791,791,791,791,791,791,791,791,791,791,791,791
"TEBSA",P,181218,181218,181218,181218,181218,181218,181218,181218,181218,181218,181218,181218,181218,181218,181218,181218,181218,181218,181218,181218,181218,181218,181218,181218
"TEMCALI",D,213,213,213,213,213,213,213,213,213,213,213,213,213,213,213,213,213,213,213,213,213,213,213,213
"TEMCALI",P,725000,725000,725000,725000,725000,725000,725000,725000,725000,725000,725000,725000,725000,725000,725000,725000,725000,725000,725000,725000,725000,725000,725000,725000
"TPIEDRAS",D,0,0,0,0,0,0,0,0,0,0,0,0,0,0,0,0,0,0,0,0,0,0,0,0
"TPIEDRAS",P,0,0,0,0,0,0,0,0,0,0,0,0,0,0,0,0,0,0,0,0,0,0,0,0
"TSIERRA",D,460,460,460,460,460,460,460,460,460,460,460,460,460,460,460,460,460,460,460,460,460,460,460,460
"TSIERRA",P,234581,234581,234581,234581,234581,234581,234581,234581,234581,234581,234581,234581,234581,234581,234581,234581,234581,234581,234581,234581,234581,234581,234581,234581
"TVALLE",D,205,205,205,205,205,205,205,205,205,205,205,205,205,44,80,173,205,205,205,205,205,205,115,12
"TVALLE",P,225000,225000,225000,225000,225000,225000,225000,225000,225000,225000,225000,225000,225000,225000,225000,225000,225000,225000,225000,225000,225000,225000,225000,225000
"TYOPAL2",D,30,30,30,30,30,30,30,30,29,29,28,28,28,28,28,28,28,29,30,30,30,30,30,30
"TYOPAL2",P,50000,50000,50000,50000,50000,50000,50000,50000,50000,50000,50000,50000,50000,50000,50000,50000,50000,50000,50000,50000,50000,50000,50000,50000
"URRA",D,328,328,328,328,328,328,328,328,328,328,328,328,328,328,328,328,328,328,328,328,328,246,246,246
"URRA",P,90000,90000,90000,90000,90000,90000,90000,90000,90000,90000,90000,90000,90000,90000,90000,90000,90000,90000,90000,90000,90000,90000,90000,90000
"VENEZUE1",D,0,0,0,0,0,0,0,0,0,0,0,0,0,0,0,0,0,0,0,0,0,0,0,0
"VENEZUE1",P,255018,255018,255018,255018,255018,255018,255018,255018,255018,255018,255018,255018,255018,255018,255018,255018,255018,255018,290356,290356,290356,255018,255018,255018
"ZIPAEMG2",D,17,17,17,17,17,17,17,17,17,17,17,17,17,17,17,17,17,17,17,17,17,17,17,17
"ZIPAEMG2",P,189000,189000,189000,189000,189000,189000,189000,189000,189000,189000,189000,189000,189000,189000,189000,189000,189000,189000,189000,189000,189000,189000,189000,189000
"ZIPAEMG3",D,0,0,0,0,0,0,0,0,0,0,0,0,0,0,0,0,0,0,0,0,0,0,0,0
"ZIPAEMG3",P,194000,194000,194000,194000,194000,194000,194000,194000,194000,194000,194000,194000,194000,194000,194000,194000,194000,194000,194000,194000,194000,194000,194000,194000
"ZIPAEMG4",D,0,0,0,0,0,0,0,0,0,0,0,0,0,0,0,0,0,0,0,0,0,0,0,0
"ZIPAEMG4",P,192000,192000,192000,192000,192000,192000,192000,192000,192000,192000,192000,192000,192000,192000,192000,192000,192000,192000,192000,192000,192000,192000,192000,192000
"ZIPAEMG5",D,64,64,64,64,64,64,64,64,64,64,64,64,64,64,64,64,64,64,64,64,64,64,64,64
"ZIPAEMG5",P,190000,190000,190000,190000,190000,190000,190000,190000,190000,190000,190000,190000,190000,190000,190000,190000,190000,190000,190000,190000,190000,190000,190000,190000
