"ALBAN",D,419,419,419,419,419,419,419,419,419,419,419,419,419,419,419,419,419,419,419,419,419,419,419,419
"ALBAN",P,152000,152000,152000,152000,152000,152000,152000,152000,152000,152000,152000,152000,152000,152000,152000,152000,152000,152000,152000,152000,152000,152000,152000,152000
"BARRANQ3",D,60,60,60,60,60,60,60,60,60,60,60,60,60,60,60,60,60,60,60,60,60,60,60,60
"BARRANQ3",P,728203,728203,728203,728203,728203,728203,728203,728203,728203,728203,728203,728203,728203,728203,728203,728203,728203,728203,728203,728203,728203,728203,728203,728203
"BARRANQ4",D,60,60,60,60,60,60,60,60,60,60,60,60,60,60,60,60,60,60,60,60,60,60,60,60
"BARRANQ4",P,736364,736364,736364,736364,736364,736364,736364,736364,736364,736364,736364,736364,736364,736364,736364,736364,736364,736364,736364,736364,736364,736364,736364,736364
"BETANIA",D,354,354,354,354,354,354,354,354,354,354,354,354,354,354,354,354,354,354,354,354,354,354,354,354
"BETANIA",P,289000,289000,289000,289000,289000,289000,289000,289000,289000,289000,289000,289000,289000,289000,289000,289000,289000,289000,289000,289000,289000,289000,289000,289000
"CALIMA1",D,99,99,99,99,99,99,99,99,99,99,99,99,99,99,99,99,99,99,99,99,99,99,99,99
"CALIMA1",P,300000,300000,300000,300000,300000,300000,300000,300000,300000,300000,300000,300000,300000,300000,300000,300000,300000,300000,300000,300000,300000,300000,300000,300000
"CHIVOR",D,875,875,875,875,875,875,875,875,875,875,875,875,875,875,875,875,875,875,875,875,875,875,875,875
"CHIVOR",P,175000,175000,175000,175000,175000,175000,175000,175000,175000,175000,175000,175000,175000,175000,175000,175000,175000,175000,175000,175000,175000,175000,175000,175000
"COINCAUCA",D,2,2,3,3,2,2,3,3,3,3,3,2,2,3,2,2,3,2,2,3,2,2,2,2
"COINCAUCA",P,0,0,0,0,0,0,0,0,0,0,0,0,0,0,0,0,0,0,0,0,0,0,0,0
"COROZO1",D,0,0,0,0,0,0,0,0,0,0,0,0,0,0,0,0,0,0,0,0,0,0,0,0
"COROZO1",P,420000,420000,420000,420000,420000,420000,420000,420000,420000,420000,420000,420000,420000,420000,420000,420000,420000,420000,420000,420000,420000,420000,420000,420000
"CSANCARLOS",D,0,0,0,0,0,0,0,0,0,0,0,0,0,0,0,0,0,0,0,0,0,0,0,0
"CSANCARLOS",P,0,0,0,0,0,0,0,0,0,0,0,0,0,0,0,0,0,0,0,0,0,0,0,0
"CTGEMG1",D,0,0,0,0,0,0,0,0,0,0,0,0,0,0,0,0,0,0,0,0,0,0,0,0
"CTGEMG1",P,840000,840000,840000,840000,840000,840000,840000,840000,840000,840000,840000,840000,840000,840000,840000,840000,840000,840000,840000,840000,840000,840000,840000,840000
"CTGEMG2",D,52,52,52,52,52,52,52,52,52,52,52,52,52,52,52,52,52,52,52,52,52,52,52,52
"CTGEMG2",P,780000,780000,780000,780000,780000,780000,780000,780000,780000,780000,780000,780000,780000,780000,780000,780000,780000,780000,780000,780000,780000,780000,780000,780000
"CTGEMG3",D,66,66,66,66,66,66,66,66,66,66,66,66,66,66,66,66,66,66,66,66,66,66,66,66
"CTGEMG3",P,810000,810000,810000,810000,810000,810000,810000,810000,810000,810000,810000,810000,810000,810000,810000,810000,810000,810000,810000,810000,810000,810000,810000,810000
"CVALLEC1",D,0,0,0,0,0,0,0,0,0,0,0,0,0,0,0,0,0,0,0,0,0,0,0,0
"CVALLEC1",P,0,0,0,0,0,0,0,0,0,0,0,0,0,0,0,0,0,0,0,0,0,0,0,0
"DORADA1",D,46,46,46,46,46,46,46,46,46,46,46,46,46,46,46,46,46,46,46,46,46,46,46,46
"DORADA1",P,587004,587004,587004,587004,587004,587004,587004,587004,587004,587004,587004,587004,587004,587004,587004,587004,587004,587004,587004,587004,587004,587004,587004,587004
"ECUADOR11",D,0,0,0,0,0,0,0,0,0,0,0,0,0,0,0,0,0,0,0,0,0,0,0,0
"ECUADOR11",P,175903,174566,174736,174069,173858,177075,177306,218149,245783,244127,243788,243511,243613,243688,243618,243593,243517,244705,252868,250955,249328,244423,208025,178926
"ECUADOR12",D,0,0,0,0,0,0,0,0,0,0,0,0,0,0,0,0,0,0,0,0,0,0,0,0
"ECUADOR12",P,0,0,0,0,0,0,0,0,0,0,0,0,0,0,0,0,0,0,0,0,0,0,0,0
"ECUADOR13",D,0,0,0,0,0,0,0,0,0,0,0,0,0,0,0,0,0,0,0,0,0,0,0,0
"ECUADOR13",P,0,0,0,0,0,0,0,0,0,0,0,0,0,0,0,0,0,0,0,0,0,0,0,0
"ECUADOR14",D,0,0,0,0,0,0,0,0,0,0,0,0,0,0,0,0,0,0,0,0,0,0,0,0
"ECUADOR14",P,0,0,0,0,0,0,0,0,0,0,0,0,0,0,0,0,0,0,0,0,0,0,0,0
"ECUADOR21",D,0,0,0,0,0,0,0,0,0,0,0,0,0,0,0,0,0,0,0,0,0,0,0,0
"ECUADOR21",P,175903,174566,174736,174069,173858,177075,177306,218149,245783,244127,243788,243511,243613,243688,243618,243593,243517,244705,252868,250955,249328,244423,208025,178926
"ECUADOR22",D,0,0,0,0,0,0,0,0,0,0,0,0,0,0,0,0,0,0,0,0,0,0,0,0
"ECUADOR22",P,116396,101574,101666,101682,101600,116034,115661,102922,113994,117135,126757,126736,126728,124955,124766,113697,113731,138765,166548,159470,157953,141809,111020,104182
"ECUADOR23",D,0,0,0,0,0,0,0,0,0,0,0,0,0,0,0,0,0,0,0,0,0,0,0,0
"ECUADOR23",P,122884,137876,137914,137953,137609,112715,106481,134686,156667,156815,163254,163312,163565,163449,193081,163572,156814,157367,250548,235095,206962,163939,117107,113777
"ECUADOR24",D,0,0,0,0,0,0,0,0,0,0,0,0,0,0,0,0,0,0,0,0,0,0,0,0
"ECUADOR24",P,0,0,0,0,0,0,0,0,0,0,0,0,0,0,0,0,0,0,0,0,0,0,0,0
"ESMERALDA",D,0,0,0,0,0,0,0,0,0,0,0,0,0,0,0,0,0,0,0,0,0,0,0,0
"ESMERALDA",P,0,0,0,0,0,0,0,0,0,0,0,0,0,0,0,0,0,0,0,0,0,0,0,0
"FLORES IV",D,174,174,174,174,174,174,174,174,174,174,174,174,174,174,174,174,174,174,174,174,174,174,174,174
"FLORES IV",P,166014,166014,166014,166014,166014,166014,166014,166014,166014,166014,166014,166014,166014,166014,166014,166014,166014,166014,166014,166014,166014,166014,166014,166014
"FLORES1",D,160,160,160,160,160,160,160,160,160,160,160,160,160,160,160,160,160,160,160,160,160,160,160,160
"FLORES1",P,174991,174991,174991,174991,174991,174991,174991,174991,174991,174991,174991,174991,174991,174991,174991,174991,174991,174991,174991,174991,174991,174991,174991,174991
"FLORIDA2",D,8,8,8,8,8,8,8,8,8,8,8,8,8,8,8,8,8,8,8,8,8,8,8,8
"FLORIDA2",P,0,0,0,0,0,0,0,0,0,0,0,0,0,0,0,0,0,0,0,0,0,0,0,0
"GUAJIR11",D,130,130,130,130,130,130,130,130,130,130,130,130,130,130,130,130,130,130,130,130,130,130,130,130
"GUAJIR11",P,196822,196822,196822,196822,196822,196822,196822,196822,196822,196822,196822,196822,196822,196822,196822,196822,196822,196822,196822,196822,196822,196822,196822,196822
"GUAJIR21",D,145,145,145,145,145,145,145,145,145,145,145,145,145,145,145,145,145,145,145,145,145,145,145,145
"GUAJIR21",P,158036,158036,158036,158036,158036,158036,158036,158036,158036,158036,158036,158036,158036,158036,158036,158036,158036,158036,158036,158036,158036,158036,158036,158036
"GUATAPE",D,560,560,560,560,560,560,560,560,560,560,560,560,560,560,560,560,560,560,560,560,560,560,560,560
"GUATAPE",P,125000,125000,125000,125000,125000,125000,125000,125000,125000,125000,125000,125000,125000,125000,125000,125000,125000,125000,125000,125000,125000,125000,125000,125000
"GUATRON",D,512,512,512,512,512,512,434,434,434,434,434,434,434,434,434,434,434,512,512,512,512,512,512,512
"GUATRON",P,255000,255000,255000,255000,255000,255000,255000,255000,255000,255000,255000,255000,255000,255000,255000,255000,255000,255000,255000,255000,255000,255000,255000,255000
"GUAVIO",D,1200,1200,1200,1200,1200,1200,1200,1200,1200,1200,1200,1200,1200,1200,1200,1200,1200,1200,1200,1200,1200,1200,1200,1200
"GUAVIO",P,174000,174000,174000,174000,174000,174000,174000,174000,174000,174000,174000,174000,174000,174000,174000,174000,174000,174000,174000,174000,174000,174000,174000,174000
"INSULA",D,12,12,12,12,12,12,12,12,12,12,12,12,12,12,12,12,12,12,12,12,12,12,12,12
"INSULA",P,0,0,0,0,0,0,0,0,0,0,0,0,0,0,0,0,0,0,0,0,0,0,0,0
"JAGUAS",D,170,170,170,170,170,170,170,170,170,170,170,170,170,170,170,170,170,170,170,170,170,170,170,170
"JAGUAS",P,245000,245000,245000,245000,245000,245000,245000,245000,245000,245000,245000,245000,245000,245000,245000,245000,245000,245000,245000,245000,245000,245000,245000,245000
"LATASAJERA",D,306,306,306,306,306,306,306,306,306,306,306,306,306,306,306,306,306,306,306,306,306,306,306,306
"LATASAJERA",P,260000,260000,260000,260000,260000,260000,260000,260000,260000,260000,260000,260000,260000,260000,260000,260000,260000,260000,260000,260000,260000,260000,260000,260000
"MAGUAFRE",D,7,7,7,7,7,7,7,7,7,7,7,7,7,7,7,7,7,7,7,7,7,7,7,7
"MAGUAFRE",P,0,0,0,0,0,0,0,0,0,0,0,0,0,0,0,0,0,0,0,0,0,0,0,0
"MALTOTULUA1",D,0,0,0,0,0,0,0,0,0,0,0,0,0,0,0,0,0,0,0,0,0,0,0,0
"MALTOTULUA1",P,0,0,0,0,0,0,0,0,0,0,0,0,0,0,0,0,0,0,0,0,0,0,0,0
"MANTIOQ1",D,65,65,65,65,65,65,65,65,65,65,65,65,65,65,65,65,65,65,65,65,65,65,65,65
"MANTIOQ1",P,0,0,0,0,0,0,0,0,0,0,0,0,0,0,0,0,0,0,0,0,0,0,0,0
"MBELMONTE",D,0,0,0,0,0,0,0,0,0,0,0,0,0,0,0,0,0,0,0,0,0,0,0,0
"MBELMONTE",P,0,0,0,0,0,0,0,0,0,0,0,0,0,0,0,0,0,0,0,0,0,0,0,0
"MBOGOTA1",D,96,96,96,96,96,96,96,96,96,96,96,96,96,96,96,96,96,96,96,96,96,96,96,96
"MBOGOTA1",P,0,0,0,0,0,0,0,0,0,0,0,0,0,0,0,0,0,0,0,0,0,0,0,0
"MCALDERAS",D,15,15,15,15,15,15,15,0,0,0,0,0,0,0,0,0,0,0,20,20,20,20,20,20
"MCALDERAS",P,0,0,0,0,0,0,0,0,0,0,0,0,0,0,0,0,0,0,0,0,0,0,0,0
"MCARUQUIA",D,10,10,10,10,10,10,10,10,10,10,10,10,10,10,10,10,10,10,10,10,10,10,10,10
"MCARUQUIA",P,0,0,0,0,0,0,0,0,0,0,0,0,0,0,0,0,0,0,0,0,0,0,0,0
"MCASCADA1",D,2,2,2,2,2,2,2,2,2,2,2,2,2,2,2,2,2,2,2,2,2,2,2,2
"MCASCADA1",P,0,0,0,0,0,0,0,0,0,0,0,0,0,0,0,0,0,0,0,0,0,0,0,0
"MCAUCAN1",D,2,2,2,2,2,2,2,2,2,2,2,2,2,2,2,2,2,2,2,2,2,2,2,2
"MCAUCAN1",P,0,0,0,0,0,0,0,0,0,0,0,0,0,0,0,0,0,0,0,0,0,0,0,0
"MCAUCAN2",D,4,4,4,4,4,4,4,4,4,4,4,4,4,4,4,4,4,4,4,4,4,4,4,4
"MCAUCAN2",P,0,0,0,0,0,0,0,0,0,0,0,0,0,0,0,0,0,0,0,0,0,0,0,0
"MCIMARR1",D,20,20,20,20,20,20,20,20,20,20,20,20,20,20,20,20,20,20,20,20,20,20,20,20
"MCIMARR1",P,0,0,0,0,0,0,0,0,0,0,0,0,0,0,0,0,0,0,0,0,0,0,0,0
"MCQR1",D,3,3,3,3,3,3,3,3,3,3,3,3,3,3,3,3,3,3,3,3,3,3,3,3
"MCQR1",P,0,0,0,0,0,0,0,0,0,0,0,0,0,0,0,0,0,0,0,0,0,0,0,0
"MCUNDINAMARCA",D,0,0,0,0,0,0,0,0,0,0,0,0,0,0,0,0,0,0,0,0,0,0,0,0
"MCUNDINAMARCA",P,0,0,0,0,0,0,0,0,0,0,0,0,0,0,0,0,0,0,0,0,0,0,0,0
"MCURRUCU",D,1,1,1,1,1,1,1,1,1,1,1,1,1,1,1,1,1,1,1,1,1,1,1,1
"MCURRUCU",P,0,0,0,0,0,0,0,0,0,0,0,0,0,0,0,0,0,0,0,0,0,0,0,0
"MELBOSQUE",D,2,2,2,2,2,2,2,2,2,2,2,2,2,2,2,2,2,2,2,2,2,2,2,2
"MELBOSQUE",P,0,0,0,0,0,0,0,0,0,0,0,0,0,0,0,0,0,0,0,0,0,0,0,0
"MEMCALI",D,0,0,0,0,0,0,0,0,0,0,0,0,0,0,0,0,0,0,0,0,0,0,0,0
"MEMCALI",P,0,0,0,0,0,0,0,0,0,0,0,0,0,0,0,0,0,0,0,0,0,0,0,0
"MERILEC1",D,169,169,169,169,169,169,169,169,169,169,169,169,169,169,169,169,169,169,169,169,169,169,169,169
"MERILEC1",P,470254,470254,470254,470254,470254,470254,470254,470254,470254,470254,470254,470254,470254,470254,470254,470254,470254,470254,470254,470254,470254,470254,470254,470254
"MGUANAQUITA",D,10,10,10,10,10,10,10,10,10,10,10,10,10,10,10,10,10,10,10,10,10,10,10,10
"MGUANAQUITA",P,0,0,0,0,0,0,0,0,0,0,0,0,0,0,0,0,0,0,0,0,0,0,0,0
"MHUILAQ1",D,3,3,3,3,3,3,3,3,3,3,3,3,3,3,3,3,3,3,3,3,3,3,3,3
"MHUILAQ1",P,0,0,0,0,0,0,0,0,0,0,0,0,0,0,0,0,0,0,0,0,0,0,0,0
"MIEL1",D,336,336,336,336,336,336,336,336,336,336,336,336,336,336,336,336,336,336,336,336,336,336,336,336
"MIEL1",P,286000,286000,286000,286000,286000,286000,286000,286000,286000,286000,286000,286000,286000,286000,286000,286000,286000,286000,286000,286000,286000,286000,286000,286000
"MJEPIRAC",D,1,1,1,1,1,1,1,1,1,2,2,3,3,4,5,5,5,5,4,3,2,2,1,1
"MJEPIRAC",P,0,0,0,0,0,0,0,0,0,0,0,0,0,0,0,0,0,0,0,0,0,0,0,0
"MMONTAÑITAS",D,20,20,20,20,20,20,20,20,20,20,20,20,20,20,20,20,20,20,20,20,20,20,20,20
"MMONTAÑITAS",P,0,0,0,0,0,0,0,0,0,0,0,0,0,0,0,0,0,0,0,0,0,0,0,0
"MMORRO1",D,20,20,20,20,20,20,20,20,20,20,20,20,20,20,20,20,20,20,20,20,20,20,20,20
"MMORRO1",P,0,0,0,0,0,0,0,0,0,0,0,0,0,0,0,0,0,0,0,0,0,0,0,0
"MMORRO2",D,19,19,19,19,19,19,19,19,19,19,19,19,19,19,19,19,19,19,19,19,19,19,19,19
"MMORRO2",P,0,0,0,0,0,0,0,0,0,0,0,0,0,0,0,0,0,0,0,0,0,0,0,0
"MNLIBARE",D,2,2,2,2,2,2,2,2,2,2,2,2,2,2,2,2,2,2,2,2,2,2,2,2
"MNLIBARE",P,0,0,0,0,0,0,0,0,0,0,0,0,0,0,0,0,0,0,0,0,0,0,0,0
"MNORDE1",D,11,11,11,11,11,11,11,11,11,11,11,11,11,11,11,11,11,11,11,11,11,11,11,11
"MNORDE1",P,0,0,0,0,0,0,0,0,0,0,0,0,0,0,0,0,0,0,0,0,0,0,0,0
"MPRADO4",D,5,5,5,5,5,5,5,5,5,5,5,5,5,5,5,5,5,5,5,5,5,5,5,5
"MPRADO4",P,0,0,0,0,0,0,0,0,0,0,0,0,0,0,0,0,0,0,0,0,0,0,0,0
"MRIOMAYO",D,0,0,0,0,0,0,0,20,20,20,20,20,0,0,0,0,0,0,20,20,20,20,7,7
"MRIOMAYO",P,0,0,0,0,0,0,0,0,0,0,0,0,0,0,0,0,0,0,0,0,0,0,0,0
"MSANTANA",D,5,5,5,5,5,5,5,5,5,5,5,5,5,5,5,5,5,5,5,5,5,5,5,5
"MSANTANA",P,0,0,0,0,0,0,0,0,0,0,0,0,0,0,0,0,0,0,0,0,0,0,0,0
"MSANTARITA",D,1,1,1,1,1,1,1,1,1,1,1,1,1,1,1,1,1,1,1,1,1,1,1,1
"MSANTARITA",P,0,0,0,0,0,0,0,0,0,0,0,0,0,0,0,0,0,0,0,0,0,0,0,0
"MSANTIAGO",D,1,1,1,1,1,1,1,1,1,1,1,1,1,1,1,1,1,1,1,1,1,1,1,1
"MSANTIAGO",P,0,0,0,0,0,0,0,0,0,0,0,0,0,0,0,0,0,0,0,0,0,0,0,0
"MTOLIMA1",D,4,4,4,4,4,4,4,4,4,4,4,4,4,4,4,4,4,4,4,4,4,4,4,4
"MTOLIMA1",P,0,0,0,0,0,0,0,0,0,0,0,0,0,0,0,0,0,0,0,0,0,0,0,0
"MTULUA",D,7,7,7,7,7,7,7,7,7,7,7,7,7,7,7,7,7,7,7,7,7,7,7,7
"MTULUA",P,0,0,0,0,0,0,0,0,0,0,0,0,0,0,0,0,0,0,0,0,0,0,0,0
"MVALLEC1",D,7,7,7,7,7,7,7,7,7,7,7,7,7,7,7,7,7,7,7,7,7,7,7,7
"MVALLEC1",P,0,0,0,0,0,0,0,0,0,0,0,0,0,0,0,0,0,0,0,0,0,0,0,0
"MYOPAL1",D,0,0,0,0,0,0,0,0,0,0,0,0,0,0,0,0,0,0,0,0,0,0,0,0
"MYOPAL1",P,0,0,0,0,0,0,0,0,0,0,0,0,0,0,0,0,0,0,0,0,0,0,0,0
"M_AMAIME",D,19,19,19,19,19,19,19,19,19,19,19,19,19,19,19,19,19,19,19,19,19,19,19,19
"M_AMAIME",P,0,0,0,0,0,0,0,0,0,0,0,0,0,0,0,0,0,0,0,0,0,0,0,0
"M_PROVIDEN",D,8,8,8,9,8,9,9,9,9,9,8,8,8,8,9,9,9,9,9,9,9,9,9,8
"M_PROVIDEN",P,0,0,0,0,0,0,0,0,0,0,0,0,0,0,0,0,0,0,0,0,0,0,0,0
"PAGUA",D,400,400,400,400,400,400,400,400,400,400,400,400,400,400,400,400,400,400,400,400,400,400,400,400
"PAGUA",P,34285,34285,34285,34285,34285,34285,34285,34285,34285,34285,34285,34285,34285,34285,34285,34285,34285,34285,34285,34285,34285,34285,34285,34285
"PAIPA1",D,31,31,31,31,31,31,31,31,31,31,31,31,31,31,31,31,31,31,31,31,31,31,31,31
"PAIPA1",P,91000,91000,91000,91000,91000,91000,91000,91000,91000,91000,91000,91000,91000,91000,91000,91000,91000,91000,91000,91000,91000,91000,91000,91000
"PAIPA2",D,57,57,57,57,57,57,57,57,57,57,57,57,57,57,57,57,57,57,57,57,57,57,57,57
"PAIPA2",P,90500,90500,90500,90500,90500,90500,90500,90500,90500,90500,90500,90500,90500,90500,90500,90500,90500,90500,90500,90500,90500,90500,90500,90500
"PAIPA3",D,70,70,70,70,70,70,70,70,70,70,70,70,70,70,70,70,70,70,70,70,70,70,70,70
"PAIPA3",P,91500,91500,91500,91500,91500,91500,91500,91500,91500,91500,91500,91500,91500,91500,91500,91500,91500,91500,91500,91500,91500,91500,91500,91500
"PAIPA4",D,0,0,0,0,0,0,0,0,0,0,0,0,0,0,0,0,0,0,0,0,0,0,0,0
"PAIPA4",P,91000,91000,91000,91000,91000,91000,91000,91000,91000,91000,91000,91000,91000,91000,91000,91000,91000,91000,91000,91000,91000,91000,91000,91000
"PALENQ3",D,0,0,0,0,0,0,0,0,0,0,0,0,0,0,0,0,0,0,0,0,0,0,0,0
"PALENQ3",P,897583,897583,897583,897583,897583,897583,897583,897583,897583,897583,897583,897583,897583,897583,897583,897583,897583,897583,897583,897583,897583,897583,897583,897583
"PLAYAS",D,134,134,134,134,134,134,134,134,134,134,134,134,134,134,134,134,134,134,134,134,134,134,134,134
"PLAYAS",P,34285,34285,34285,34285,34285,34285,34285,34285,34285,34285,34285,34285,34285,34285,34285,34285,34285,34285,34285,34285,34285,34285,34285,34285
"PORCE2",D,405,405,405,405,405,405,405,405,405,405,405,405,405,405,405,405,405,405,405,405,405,405,405,405
"PORCE2",P,170000,170000,170000,170000,170000,170000,170000,170000,170000,170000,170000,170000,170000,170000,170000,170000,170000,170000,170000,170000,170000,170000,170000,170000
"PORCE3",D,660,660,660,660,660,660,660,660,660,660,660,660,660,660,660,660,660,660,660,660,660,660,660,660
"PORCE3",P,100000,100000,100000,100000,100000,100000,100000,100000,100000,100000,100000,100000,100000,100000,100000,100000,100000,100000,100000,100000,100000,100000,100000,100000
"PRADO",D,46,46,46,46,46,46,46,46,46,46,46,46,46,46,46,46,46,46,46,46,46,46,46,46
"PRADO",P,174000,174000,174000,174000,174000,174000,174000,174000,174000,174000,174000,174000,174000,174000,174000,174000,174000,174000,174000,174000,174000,174000,174000,174000
"PROELEC1",D,45,45,45,45,45,45,45,45,45,45,45,45,45,45,45,45,45,45,45,45,45,45,45,45
"PROELEC1",P,254349,254349,254349,254349,254349,254349,254349,254349,254349,254349,254349,254349,254349,254349,254349,254349,254349,254349,254349,254349,254349,254349,254349,254349
"PROELEC2",D,45,45,45,45,45,45,45,45,45,45,45,45,45,45,45,45,45,45,45,45,45,45,45,45
"PROELEC2",P,254349,254349,254349,254349,254349,254349,254349,254349,254349,254349,254349,254349,254349,254349,254349,254349,254349,254349,254349,254349,254349,254349,254349,254349
"RPIEDRAS",D,20,20,20,20,20,20,20,20,20,20,20,20,20,20,20,20,20,20,20,20,20,20,20,20
"RPIEDRAS",P,0,0,0,0,0,0,0,0,0,0,0,0,0,0,0,0,0,0,0,0,0,0,0,0
"SALVAJINA",D,154,154,154,154,154,154,154,154,154,154,154,154,154,154,154,154,154,154,154,154,154,154,154,154
"SALVAJINA",P,1204900,1204900,1204900,1204900,1204900,1204900,1204900,1204900,1204900,1204900,1204900,1204900,1204900,1204900,1204900,1204900,1204900,1204900,1204900,1204900,1204900,1204900,1204900,1204900
"SANCARLOS",D,1085,1085,1085,1085,1085,1085,1085,1085,1085,1085,1085,1085,1085,1085,1085,1085,1085,1085,1085,1085,1085,1085,1085,1085
"SANCARLOS",P,109950,109950,109950,109950,109950,109950,109950,109950,109950,109950,109950,109950,109950,109950,109950,109950,109950,109950,109950,109950,109950,109950,109950,109950
"SANFRANCISCO",D,0,0,0,0,0,0,0,0,0,90,90,90,90,45,0,0,0,90,90,90,90,90,0,0
"SANFRANCISCO",P,0,0,0,0,0,0,0,0,0,0,0,0,0,0,0,0,0,0,0,0,0,0,0,0
"TASAJER1",D,155,155,155,155,155,155,155,155,155,155,155,155,155,155,155,155,155,155,155,155,155,155,155,155
"TASAJER1",P,143480,143480,143480,143480,143480,143480,143480,143480,143480,143480,143480,143480,143480,143480,143480,143480,143480,143480,143480,143480,143480,143480,143480,143480
"TCANDEL1",D,157,157,157,157,157,157,157,157,157,157,157,157,157,157,157,157,157,157,157,157,157,157,157,157
"TCANDEL1",P,1360919,1360919,1360919,1360919,1360919,1360919,1360919,1360919,1360919,1360919,1360919,1360919,1360919,1360919,1360919,1360919,1360919,1360919,1360919,1360919,1360919,1360919,1360919,1360919
"TCANDEL2",D,155,155,155,155,155,155,155,155,155,155,155,155,155,155,155,155,155,155,155,155,155,155,155,155
"TCANDEL2",P,1343615,1343615,1343615,1343615,1343615,1343615,1343615,1343615,1343615,1343615,1343615,1343615,1343615,1343615,1343615,1343615,1343615,1343615,1343615,1343615,1343615,1343615,1343615,1343615
"TCENTRO1",D,138,138,138,138,138,138,138,138,138,138,138,138,138,138,138,138,138,138,138,138,138,138,138,138
"TCENTRO1",P,97835,97835,97835,97835,97835,97835,97835,97835,97835,97835,97835,97835,97835,97835,97835,97835,97835,97835,97835,97835,97835,97835,97835,97835
"TEBSA",D,642,642,642,642,642,642,642,642,642,642,632,632,632,632,632,632,632,642,642,642,642,642,642,642
"TEBSA",P,166940,166940,166940,166940,166940,166940,166940,166940,166940,166940,166940,166940,166940,166940,166940,166940,166940,166940,166940,166940,166940,166940,166940,166940
"TEMCALI",D,213,213,213,213,213,213,213,213,213,213,213,213,213,213,213,213,213,213,213,213,213,213,213,213
"TEMCALI",P,725000,725000,725000,725000,725000,725000,725000,725000,725000,725000,725000,725000,725000,725000,725000,725000,725000,725000,725000,725000,725000,725000,725000,725000
"TPIEDRAS",D,0,0,0,0,0,0,0,0,0,0,0,0,0,0,0,0,0,0,0,0,0,0,0,0
"TPIEDRAS",P,0,0,0,0,0,0,0,0,0,0,0,0,0,0,0,0,0,0,0,0,0,0,0,0
"TSIERRA",D,359,359,359,359,359,359,359,359,359,13,26,51,71,71,91,116,116,359,359,359,359,359,359,359
"TSIERRA",P,1435602,1435602,1435602,1435602,1435602,1435602,1435602,1435602,1435602,1435602,1435602,1435602,1435602,1435602,1435602,1435602,1435602,1435602,1435602,1435602,1435602,1435602,1435602,1435602
"TVALLE",D,205,205,205,205,205,205,205,205,205,205,205,205,205,205,205,205,205,205,205,205,205,205,205,205
"TVALLE",P,225000,225000,225000,225000,225000,225000,225000,225000,225000,225000,225000,225000,225000,225000,225000,225000,225000,225000,225000,225000,225000,225000,225000,225000
"TYOPAL2",D,30,30,30,30,30,30,30,30,29,28,28,27,27,27,27,27,28,28,29,29,29,29,29,30
"TYOPAL2",P,50000,50000,50000,50000,50000,50000,50000,50000,50000,50000,50000,50000,50000,50000,50000,50000,50000,50000,50000,50000,50000,50000,50000,50000
"URRA",D,253,253,253,253,253,253,253,253,253,253,253,253,253,253,253,253,253,253,253,253,253,253,253,253
"URRA",P,80000,80000,80000,80000,80000,80000,80000,80000,80000,80000,80000,80000,80000,80000,80000,80000,80000,80000,80000,80000,80000,80000,80000,80000
"VENEZUE1",D,0,0,0,0,0,0,0,0,0,0,0,0,0,0,0,0,0,0,0,0,0,0,0,0
"VENEZUE1",P,255018,255018,255018,255018,255018,255018,255018,255018,255018,255018,255018,255018,255018,255018,255018,255018,255018,255018,290356,290356,290356,255018,255018,255018
"ZIPAEMG2",D,34,34,34,34,34,34,34,34,34,34,34,34,34,34,34,34,34,34,34,34,34,34,34,34
"ZIPAEMG2",P,246000,246000,246000,246000,246000,246000,246000,246000,246000,246000,246000,246000,246000,246000,246000,246000,246000,246000,246000,246000,246000,246000,246000,246000
"ZIPAEMG3",D,63,63,63,63,63,63,63,63,63,63,63,63,63,63,63,63,63,63,63,63,63,63,63,63
"ZIPAEMG3",P,247000,247000,247000,247000,247000,247000,247000,247000,247000,247000,247000,247000,247000,247000,247000,247000,247000,247000,247000,247000,247000,247000,247000,247000
"ZIPAEMG4",D,64,64,64,64,64,64,64,64,64,64,64,64,64,64,64,64,64,64,64,64,64,64,64,64
"ZIPAEMG4",P,245000,245000,245000,245000,245000,245000,245000,245000,245000,245000,245000,245000,245000,245000,245000,245000,245000,245000,245000,245000,245000,245000,245000,245000
"ZIPAEMG5",D,64,64,64,64,64,64,64,64,64,64,64,64,64,64,64,64,64,64,64,64,64,64,64,64
"ZIPAEMG5",P,248000,248000,248000,248000,248000,248000,248000,248000,248000,248000,248000,248000,248000,248000,248000,248000,248000,248000,248000,248000,248000,248000,248000,248000
