"ALBAN",D,294,294,294,294,294,294,294,222,222,222,222,222,222,222,222,222,419,419,419,419,419,419,419,419
"ALBAN",P,134500,134500,134500,134500,134500,134500,134500,134500,134500,134500,134500,134500,134500,134500,134500,134500,134500,134500,134500,134500,134500,134500,134500,134500
"BARRANQ3",D,55,55,55,55,55,55,55,55,55,55,55,55,55,55,55,55,55,55,55,55,55,55,55,55
"BARRANQ3",P,754465,754465,754465,754465,754465,754465,754465,754465,754465,754465,754465,754465,754465,754465,754465,754465,754465,754465,754465,754465,754465,754465,754465,754465
"BARRANQ4",D,55,55,55,55,55,55,55,55,55,55,55,55,55,55,55,55,55,55,55,55,55,55,55,55
"BARRANQ4",P,759249,759249,759249,759249,759249,759249,759249,759249,759249,759249,759249,759249,759249,759249,759249,759249,759249,759249,759249,759249,759249,759249,759249,759249
"BETANIA",D,352,352,352,352,352,352,352,352,352,352,352,352,352,352,352,352,352,352,352,352,352,352,352,352
"BETANIA",P,33823,33823,33823,33823,33823,33823,33823,33823,33823,33823,33823,33823,33823,33823,33823,33823,33823,33823,33823,33823,33823,33823,33823,33823
"CALIMA1",D,132,132,132,132,132,132,132,132,132,132,132,132,132,132,132,132,132,132,132,132,132,132,132,132
"CALIMA1",P,134900,134900,134900,134900,134900,134900,134900,134900,134900,134900,134900,134900,134900,134900,134900,134900,134900,134900,134900,134900,134900,134900,134900,134900
"CHIVOR",D,875,875,875,875,875,875,875,875,875,875,875,875,875,875,875,875,875,875,875,875,875,875,875,875
"CHIVOR",P,150000,150000,150000,150000,150000,150000,150000,150000,150000,150000,150000,150000,150000,150000,150000,150000,150000,150000,150000,150000,150000,150000,150000,150000
"COINCAUCA",D,2,2,3,3,2,2,3,3,3,3,3,2,2,3,2,2,3,2,2,3,2,2,2,2
"COINCAUCA",P,0,0,0,0,0,0,0,0,0,0,0,0,0,0,0,0,0,0,0,0,0,0,0,0
"COROZO1",D,0,0,0,0,0,0,0,0,0,0,0,0,0,0,0,0,0,0,0,0,0,0,0,0
"COROZO1",P,420000,420000,420000,420000,420000,420000,420000,420000,420000,420000,420000,420000,420000,420000,420000,420000,420000,420000,420000,420000,420000,420000,420000,420000
"CSANCARLOS",D,0,0,0,0,0,0,0,0,0,0,0,0,0,0,0,0,0,0,0,0,0,0,0,0
"CSANCARLOS",P,0,0,0,0,0,0,0,0,0,0,0,0,0,0,0,0,0,0,0,0,0,0,0,0
"CTGEMG1",D,0,0,0,0,0,0,0,0,0,0,0,0,0,0,0,0,0,0,0,0,0,0,0,0
"CTGEMG1",P,690000,690000,690000,690000,690000,690000,690000,690000,690000,690000,690000,690000,690000,690000,690000,690000,690000,690000,690000,690000,690000,690000,690000,690000
"CTGEMG2",D,52,52,52,52,52,52,52,52,52,52,52,52,52,52,52,52,52,52,52,52,52,52,52,52
"CTGEMG2",P,650000,650000,650000,650000,650000,650000,650000,650000,650000,650000,650000,650000,650000,650000,650000,650000,650000,650000,650000,650000,650000,650000,650000,650000
"CTGEMG3",D,58,58,58,58,58,58,58,58,58,58,58,58,58,58,58,58,58,58,58,58,58,58,58,58
"CTGEMG3",P,620000,620000,620000,620000,620000,620000,620000,620000,620000,620000,620000,620000,620000,620000,620000,620000,620000,620000,620000,620000,620000,620000,620000,620000
"CVALLEC1",D,0,0,0,0,0,0,0,0,0,0,0,0,0,0,0,0,0,0,0,0,0,0,0,0
"CVALLEC1",P,0,0,0,0,0,0,0,0,0,0,0,0,0,0,0,0,0,0,0,0,0,0,0,0
"DORADA1",D,51,51,51,51,51,51,51,51,51,51,51,51,51,51,51,51,51,51,51,51,51,51,51,51
"DORADA1",P,263070,263070,263070,263070,263070,263070,263070,263070,263070,263070,263070,263070,263070,263070,263070,263070,263070,263070,263070,263070,263070,263070,263070,263070
"ECUADOR11",D,0,0,0,0,0,0,0,0,0,0,0,0,0,0,0,0,0,0,0,0,0,0,0,0
"ECUADOR11",P,66403,66851,67124,67276,67310,70856,137180,137050,137247,137297,137079,142593,142464,141851,142970,143167,138511,166351,239181,254018,192576,163910,120573,70996
"ECUADOR12",D,0,0,0,0,0,0,0,0,0,0,0,0,0,0,0,0,0,0,0,0,0,0,0,0
"ECUADOR12",P,0,0,0,0,0,0,0,0,0,0,0,0,0,0,0,0,0,0,0,0,0,0,0,0
"ECUADOR13",D,0,0,0,0,0,0,0,0,0,0,0,0,0,0,0,0,0,0,0,0,0,0,0,0
"ECUADOR13",P,0,0,0,0,0,0,0,0,0,0,0,0,0,0,0,0,0,0,0,0,0,0,0,0
"ECUADOR14",D,0,0,0,0,0,0,0,0,0,0,0,0,0,0,0,0,0,0,0,0,0,0,0,0
"ECUADOR14",P,0,0,0,0,0,0,0,0,0,0,0,0,0,0,0,0,0,0,0,0,0,0,0,0
"ECUADOR21",D,0,0,0,0,0,0,0,0,0,0,0,0,0,0,0,0,0,0,0,0,0,0,0,0
"ECUADOR21",P,66403,66851,67124,67276,67310,70856,137180,137050,137247,137297,137079,142593,142464,141851,142970,143167,138511,166351,239181,254018,192576,163910,120573,70996
"ECUADOR22",D,0,0,0,0,0,0,0,0,0,0,0,0,0,0,0,0,0,0,0,0,0,0,0,0
"ECUADOR22",P,0,0,0,0,0,0,0,0,0,0,0,0,0,0,0,0,0,0,0,0,0,0,0,0
"ECUADOR23",D,0,0,0,0,0,0,0,0,0,0,0,0,0,0,0,0,0,0,0,0,0,0,0,0
"ECUADOR23",P,0,0,0,0,0,0,0,0,0,0,0,0,0,0,0,0,0,0,0,0,0,0,0,0
"ECUADOR24",D,0,0,0,0,0,0,0,0,0,0,0,0,0,0,0,0,0,0,0,0,0,0,0,0
"ECUADOR24",P,0,0,0,0,0,0,0,0,0,0,0,0,0,0,0,0,0,0,0,0,0,0,0,0
"ESMERALDA",D,28,28,28,28,28,28,28,28,28,28,28,28,28,28,28,28,28,28,28,28,28,28,28,28
"ESMERALDA",P,0,0,0,0,0,0,0,0,0,0,0,0,0,0,0,0,0,0,0,0,0,0,0,0
"FLORES IV",D,450,450,450,450,450,450,450,450,450,450,450,450,450,450,450,450,450,450,450,450,450,450,450,450
"FLORES IV",P,191556,191556,191556,191556,191556,191556,191556,191556,191556,191556,191556,191556,191556,191556,191556,191556,191556,191556,191556,191556,191556,191556,191556,191556
"FLORES1",D,160,160,160,160,160,160,160,160,160,160,160,160,160,160,160,160,160,160,160,160,160,160,160,160
"FLORES1",P,199875,199875,199875,199875,199875,199875,199875,199875,199875,199875,199875,199875,199875,199875,199875,199875,199875,199875,199875,199875,199875,199875,199875,199875
"FLORIDA2",D,8,8,8,8,8,8,8,8,8,8,8,8,8,8,8,8,8,8,8,8,8,8,8,8
"FLORIDA2",P,0,0,0,0,0,0,0,0,0,0,0,0,0,0,0,0,0,0,0,0,0,0,0,0
"GUAJIR11",D,0,0,0,0,0,0,0,0,0,0,0,0,0,0,0,0,0,0,0,0,0,0,0,0
"GUAJIR11",P,210109,210109,210109,210109,210109,210109,210109,210109,210109,210109,210109,210109,210109,210109,210109,210109,210109,210109,210109,210109,210109,210109,210109,210109
"GUAJIR21",D,145,145,145,145,145,145,145,145,145,145,145,145,145,145,145,145,145,145,145,145,145,145,145,145
"GUAJIR21",P,156903,156903,156903,156903,156903,156903,156903,156903,156903,156903,156903,156903,156903,156903,156903,156903,156903,156903,156903,156903,156903,156903,156903,156903
"GUATAPE",D,560,560,560,560,560,560,560,560,560,560,560,560,560,560,560,560,560,560,560,560,560,560,560,560
"GUATAPE",P,82000,82000,82000,82000,82000,82000,82000,82000,82000,82000,82000,82000,82000,82000,82000,82000,82000,82000,82000,82000,82000,82000,82000,82000
"GUATRON",D,512,512,512,512,512,512,512,512,512,512,512,512,512,512,512,512,512,512,512,512,512,512,512,512
"GUATRON",P,124000,124000,124000,124000,124000,124000,124000,124000,124000,124000,124000,124000,124000,124000,124000,124000,124000,124000,124000,124000,124000,124000,124000,124000
"GUAVIO",D,960,960,960,960,960,960,960,960,960,960,960,960,960,960,960,960,960,960,960,960,960,960,960,960
"GUAVIO",P,125000,125000,125000,125000,125000,125000,125000,125000,125000,125000,125000,125000,125000,125000,125000,125000,125000,125000,125000,125000,125000,125000,125000,125000
"INSULA",D,13,13,13,13,13,13,13,13,13,13,13,13,13,13,13,13,13,13,13,13,13,13,13,13
"INSULA",P,0,0,0,0,0,0,0,0,0,0,0,0,0,0,0,0,0,0,0,0,0,0,0,0
"JAGUAS",D,170,170,170,170,170,170,170,170,170,170,170,170,170,170,170,170,170,170,170,170,170,170,170,170
"JAGUAS",P,149001,149001,149001,149001,149001,149001,149001,149001,149001,149001,149001,149001,149001,149001,149001,149001,149001,149001,149001,149001,149001,149001,149001,149001
"LATASAJERA",D,306,306,306,306,306,306,306,306,306,306,306,306,306,306,306,306,306,306,306,306,306,306,306,306
"LATASAJERA",P,135000,135000,135000,135000,135000,135000,135000,135000,135000,135000,135000,135000,135000,135000,135000,135000,135000,135000,135000,135000,135000,135000,135000,135000
"MAGUAFRE",D,7,7,7,7,7,7,7,7,7,7,7,7,7,7,7,7,7,7,7,7,7,7,7,7
"MAGUAFRE",P,0,0,0,0,0,0,0,0,0,0,0,0,0,0,0,0,0,0,0,0,0,0,0,0
"MANTIOQ1",D,80,80,80,80,80,80,80,80,80,80,80,80,80,80,80,80,80,80,80,80,80,80,80,80
"MANTIOQ1",P,0,0,0,0,0,0,0,0,0,0,0,0,0,0,0,0,0,0,0,0,0,0,0,0
"MBELMONTE",D,0,0,0,0,0,0,0,0,0,0,0,0,0,0,0,0,0,0,0,0,0,0,0,0
"MBELMONTE",P,0,0,0,0,0,0,0,0,0,0,0,0,0,0,0,0,0,0,0,0,0,0,0,0
"MBOGOTA1",D,0,0,0,0,0,0,0,0,0,0,0,0,0,0,0,0,0,0,0,0,0,0,0,0
"MBOGOTA1",P,0,0,0,0,0,0,0,0,0,0,0,0,0,0,0,0,0,0,0,0,0,0,0,0
"MCALDERAS",D,0,0,0,0,5,5,5,5,5,5,5,15,15,15,5,5,5,5,20,20,20,5,5,5
"MCALDERAS",P,0,0,0,0,0,0,0,0,0,0,0,0,0,0,0,0,0,0,0,0,0,0,0,0
"MCARUQUIA",D,10,10,10,10,10,10,10,10,10,10,10,10,10,10,10,10,10,10,10,10,10,10,10,10
"MCARUQUIA",P,0,0,0,0,0,0,0,0,0,0,0,0,0,0,0,0,0,0,0,0,0,0,0,0
"MCASCADA1",D,2,2,2,2,2,2,2,2,2,2,2,2,2,2,2,2,2,2,2,2,2,2,2,2
"MCASCADA1",P,0,0,0,0,0,0,0,0,0,0,0,0,0,0,0,0,0,0,0,0,0,0,0,0
"MCAUCAN1",D,6,6,6,6,6,6,6,6,6,6,6,6,6,6,6,6,6,6,6,6,6,6,6,6
"MCAUCAN1",P,0,0,0,0,0,0,0,0,0,0,0,0,0,0,0,0,0,0,0,0,0,0,0,0
"MCAUCAN2",D,4,4,4,4,4,4,4,4,4,4,4,4,4,4,4,4,4,4,4,4,4,4,4,4
"MCAUCAN2",P,0,0,0,0,0,0,0,0,0,0,0,0,0,0,0,0,0,0,0,0,0,0,0,0
"MCIMARR1",D,0,0,0,0,0,0,0,0,0,0,0,0,0,0,0,0,0,0,0,0,0,0,0,0
"MCIMARR1",P,0,0,0,0,0,0,0,0,0,0,0,0,0,0,0,0,0,0,0,0,0,0,0,0
"MCQR1",D,6,6,6,6,6,6,6,6,6,6,6,6,6,6,6,6,6,6,6,6,6,6,6,6
"MCQR1",P,0,0,0,0,0,0,0,0,0,0,0,0,0,0,0,0,0,0,0,0,0,0,0,0
"MCUNDINAMARCA",D,6,6,6,6,8,8,8,7,7,7,8,8,7,7,7,7,7,7,7,7,7,7,7,7
"MCUNDINAMARCA",P,0,0,0,0,0,0,0,0,0,0,0,0,0,0,0,0,0,0,0,0,0,0,0,0
"MCURRUCU",D,1,1,1,1,1,1,1,1,1,1,1,1,1,1,1,1,1,1,1,1,1,1,1,1
"MCURRUCU",P,0,0,0,0,0,0,0,0,0,0,0,0,0,0,0,0,0,0,0,0,0,0,0,0
"MELBOSQUE",D,2,2,2,2,2,2,2,2,2,2,2,2,2,2,2,2,2,2,2,2,2,2,2,2
"MELBOSQUE",P,0,0,0,0,0,0,0,0,0,0,0,0,0,0,0,0,0,0,0,0,0,0,0,0
"MEMCALI",D,0,0,0,0,0,0,0,0,0,0,0,0,0,0,0,0,0,0,0,0,0,0,0,0
"MEMCALI",P,0,0,0,0,0,0,0,0,0,0,0,0,0,0,0,0,0,0,0,0,0,0,0,0
"MERILEC1",D,169,169,169,169,169,169,169,169,169,169,169,169,169,169,169,169,169,169,169,169,169,169,169,169
"MERILEC1",P,218290,218290,218290,218290,218290,218290,218290,218290,218290,218290,218290,218290,218290,218290,218290,218290,218290,218290,218290,218290,218290,218290,218290,218290
"MGUANAQUITA",D,10,10,10,10,10,10,10,10,10,10,10,10,10,10,10,10,10,10,10,10,10,10,10,10
"MGUANAQUITA",P,0,0,0,0,0,0,0,0,0,0,0,0,0,0,0,0,0,0,0,0,0,0,0,0
"MHUILAQ1",D,3,3,3,3,3,3,3,3,3,3,3,3,3,3,3,3,3,3,3,3,3,3,3,3
"MHUILAQ1",P,0,0,0,0,0,0,0,0,0,0,0,0,0,0,0,0,0,0,0,0,0,0,0,0
"MIEL1",D,345,345,345,345,345,345,345,345,345,345,345,345,345,345,345,345,345,345,345,345,345,345,345,345
"MIEL1",P,149000,149000,149000,149000,149000,149000,149000,149000,149000,149000,149000,149000,149000,149000,149000,149000,149000,149000,149000,149000,149000,149000,149000,149000
"MJEPIRAC",D,5,4,4,4,4,4,4,5,6,6,7,9,11,12,12,13,12,11,9,8,7,6,6,5
"MJEPIRAC",P,0,0,0,0,0,0,0,0,0,0,0,0,0,0,0,0,0,0,0,0,0,0,0,0
"MMORRO1",D,20,20,20,20,20,20,20,20,20,20,20,20,20,20,20,20,20,20,20,20,20,20,20,20
"MMORRO1",P,0,0,0,0,0,0,0,0,0,0,0,0,0,0,0,0,0,0,0,0,0,0,0,0
"MMORRO2",D,18,18,18,18,18,18,18,18,18,18,18,18,18,18,18,18,18,18,18,18,18,18,18,18
"MMORRO2",P,0,0,0,0,0,0,0,0,0,0,0,0,0,0,0,0,0,0,0,0,0,0,0,0
"MNLIBARE",D,1,1,1,1,1,1,1,1,1,1,1,1,1,1,1,1,1,1,1,1,1,1,1,1
"MNLIBARE",P,0,0,0,0,0,0,0,0,0,0,0,0,0,0,0,0,0,0,0,0,0,0,0,0
"MNORDE1",D,8,8,8,8,8,8,8,8,8,8,8,8,8,8,8,8,8,8,8,8,8,8,8,8
"MNORDE1",P,0,0,0,0,0,0,0,0,0,0,0,0,0,0,0,0,0,0,0,0,0,0,0,0
"MPRADO4",D,5,5,5,5,5,5,5,5,5,5,5,5,5,5,5,5,5,5,5,5,5,5,5,5
"MPRADO4",P,0,0,0,0,0,0,0,0,0,0,0,0,0,0,0,0,0,0,0,0,0,0,0,0
"MRIOMAYO",D,20,20,20,20,20,20,20,20,20,20,20,20,20,20,20,20,20,20,20,20,20,20,20,20
"MRIOMAYO",P,0,0,0,0,0,0,0,0,0,0,0,0,0,0,0,0,0,0,0,0,0,0,0,0
"MSANTANA",D,5,5,5,5,5,5,5,5,5,5,5,5,5,5,5,5,5,5,5,5,5,5,5,5
"MSANTANA",P,0,0,0,0,0,0,0,0,0,0,0,0,0,0,0,0,0,0,0,0,0,0,0,0
"MSANTARITA",D,1,1,1,1,1,1,1,1,1,1,1,1,1,1,1,1,1,1,1,1,1,1,1,1
"MSANTARITA",P,0,0,0,0,0,0,0,0,0,0,0,0,0,0,0,0,0,0,0,0,0,0,0,0
"MSANTIAGO",D,1,1,1,1,1,1,1,1,1,1,1,1,1,1,1,1,1,1,1,1,1,1,1,1
"MSANTIAGO",P,0,0,0,0,0,0,0,0,0,0,0,0,0,0,0,0,0,0,0,0,0,0,0,0
"MTOLIMA1",D,4,4,4,4,4,4,4,4,4,4,4,4,4,4,4,4,4,4,4,4,4,4,4,4
"MTOLIMA1",P,0,0,0,0,0,0,0,0,0,0,0,0,0,0,0,0,0,0,0,0,0,0,0,0
"MTULUA",D,8,8,8,8,8,8,8,8,8,8,8,8,8,8,8,8,8,8,8,8,8,8,8,8
"MTULUA",P,0,0,0,0,0,0,0,0,0,0,0,0,0,0,0,0,0,0,0,0,0,0,0,0
"MVALLEC1",D,7,7,7,7,7,7,7,7,7,7,7,7,7,7,7,7,7,7,7,7,7,7,7,7
"MVALLEC1",P,0,0,0,0,0,0,0,0,0,0,0,0,0,0,0,0,0,0,0,0,0,0,0,0
"MYOPAL1",D,19,19,19,19,19,19,19,19,19,19,19,19,19,19,19,19,19,19,19,19,19,19,19,19
"MYOPAL1",P,0,0,0,0,0,0,0,0,0,0,0,0,0,0,0,0,0,0,0,0,0,0,0,0
"M_AMAIME",D,19,19,19,19,19,19,19,19,19,19,19,19,19,19,19,19,19,19,19,19,19,19,19,19
"M_AMAIME",P,0,0,0,0,0,0,0,0,0,0,0,0,0,0,0,0,0,0,0,0,0,0,0,0
"M_PROVIDEN",D,8,8,8,9,8,9,9,9,9,9,8,8,8,8,9,9,9,9,9,9,9,9,9,8
"M_PROVIDEN",P,0,0,0,0,0,0,0,0,0,0,0,0,0,0,0,0,0,0,0,0,0,0,0,0
"PAGUA",D,600,600,600,600,600,600,600,600,600,600,600,600,600,600,600,600,600,600,600,600,600,600,600,600
"PAGUA",P,113000,113000,113000,113000,113000,113000,113000,113000,113000,113000,113000,113000,113000,113000,113000,113000,113000,113000,113000,113000,113000,113000,113000,113000
"PAIPA1",D,31,31,31,31,31,31,31,31,31,31,31,31,31,31,31,31,31,31,31,31,31,31,31,31
"PAIPA1",P,350000,350000,350000,350000,350000,350000,350000,350000,350000,350000,350000,350000,350000,350000,350000,350000,350000,350000,350000,350000,350000,350000,350000,350000
"PAIPA2",D,59,59,59,59,59,59,59,59,59,59,59,59,59,59,59,59,59,59,59,59,59,59,59,59
"PAIPA2",P,260000,260000,260000,260000,260000,260000,260000,260000,260000,260000,260000,260000,260000,260000,260000,260000,260000,260000,260000,260000,260000,260000,260000,260000
"PAIPA3",D,70,70,70,70,70,70,70,70,70,70,70,70,70,70,70,70,70,70,70,70,70,70,70,70
"PAIPA3",P,259000,259000,259000,259000,259000,259000,259000,259000,259000,259000,259000,259000,259000,259000,259000,259000,259000,259000,259000,259000,259000,259000,259000,259000
"PAIPA4",D,150,150,150,150,150,150,150,150,150,150,150,150,150,150,150,150,150,150,150,150,150,150,150,150
"PAIPA4",P,267000,267000,267000,267000,267000,267000,267000,267000,267000,267000,267000,267000,267000,267000,267000,267000,267000,267000,267000,267000,267000,267000,267000,267000
"PALENQ3",D,0,0,0,0,0,0,0,0,0,0,0,0,0,0,0,0,0,0,0,0,0,0,0,0
"PALENQ3",P,897583,897583,897583,897583,897583,897583,897583,897583,897583,897583,897583,897583,897583,897583,897583,897583,897583,897583,897583,897583,897583,897583,897583,897583
"PLAYAS",D,201,201,201,201,201,201,201,201,201,201,201,201,201,201,201,201,201,201,201,201,201,201,201,201
"PLAYAS",P,36196,36196,36196,36196,36196,36196,36196,36196,36196,36196,36196,36196,36196,36196,36196,36196,36196,36196,36196,36196,36196,36196,36196,36196
"PORCE2",D,405,405,405,405,405,405,405,405,405,405,405,405,405,405,405,405,405,405,405,405,405,405,405,405
"PORCE2",P,140000,140000,140000,140000,140000,140000,140000,140000,140000,140000,140000,140000,140000,140000,140000,140000,140000,140000,140000,140000,140000,140000,140000,140000
"PORCE3",D,550,550,550,550,550,550,550,550,550,550,550,550,550,550,550,550,550,550,550,550,550,550,550,550
"PORCE3",P,126000,126000,126000,126000,126000,126000,126000,126000,126000,126000,126000,126000,126000,126000,126000,126000,126000,126000,126000,126000,126000,126000,126000,126000
"PRADO",D,46,46,46,46,46,46,46,46,46,46,46,46,46,46,46,46,46,46,46,46,46,46,46,46
"PRADO",P,85000,85000,85000,85000,85000,85000,85000,85000,85000,85000,85000,85000,85000,85000,85000,85000,85000,85000,85000,85000,85000,85000,85000,85000
"PROELEC1",D,45,45,45,45,45,45,45,45,45,45,45,45,45,45,45,45,45,45,45,45,45,45,45,45
"PROELEC1",P,242753,242753,242753,242753,242753,242753,242753,242753,242753,242753,242753,242753,242753,242753,242753,242753,242753,242753,242753,242753,242753,242753,242753,242753
"PROELEC2",D,45,45,45,45,45,45,45,45,45,45,45,45,45,45,45,45,45,45,45,45,45,45,45,45
"PROELEC2",P,242753,242753,242753,242753,242753,242753,242753,242753,242753,242753,242753,242753,242753,242753,242753,242753,242753,242753,242753,242753,242753,242753,242753,242753
"RPIEDRAS",D,20,20,20,20,20,20,20,20,20,20,20,20,20,20,20,20,20,20,20,20,20,20,20,20
"RPIEDRAS",P,0,0,0,0,0,0,0,0,0,0,0,0,0,0,0,0,0,0,0,0,0,0,0,0
"SALVAJINA",D,190,190,190,190,190,190,190,190,190,190,190,190,190,190,190,190,190,190,190,190,190,190,190,190
"SALVAJINA",P,160000,160000,160000,160000,160000,160000,160000,160000,160000,160000,160000,160000,160000,160000,160000,160000,160000,160000,160000,160000,160000,160000,160000,160000
"SANCARLOS",D,1240,1240,1240,1240,1240,1240,1240,1240,1240,1240,1240,1240,1240,1240,1240,1240,1240,1240,1240,1240,1240,1240,1240,1240
"SANCARLOS",P,125200,125200,125200,125200,125200,125200,125200,125200,125200,125200,125200,125200,125200,125200,125200,125200,125200,125200,125200,125200,125200,125200,125200,125200
"SANFRANCISCO",D,0,0,0,0,0,0,0,0,0,135,135,135,0,0,0,0,0,135,135,135,0,0,0,0
"SANFRANCISCO",P,0,0,0,0,0,0,0,0,0,0,0,0,0,0,0,0,0,0,0,0,0,0,0,0
"TASAJER1",D,155,155,155,155,155,155,155,155,155,155,155,155,155,155,155,155,155,155,155,155,155,155,155,155
"TASAJER1",P,167230,167230,167230,167230,167230,167230,167230,167230,167230,167230,167230,167230,167230,167230,167230,167230,167230,167230,167230,167230,167230,167230,167230,167230
"TCANDEL1",D,157,157,157,157,157,157,157,157,157,157,157,157,157,157,157,157,157,157,157,157,157,157,157,157
"TCANDEL1",P,1208875,1208875,1208875,1208875,1208875,1208875,1208875,1208875,1208875,1208875,1208875,1208875,1208875,1208875,1208875,1208875,1208875,1208875,1208875,1208875,1208875,1208875,1208875,1208875
"TCANDEL2",D,155,155,155,155,155,155,155,155,155,155,155,155,155,155,155,155,155,155,155,155,155,155,155,155
"TCANDEL2",P,1193533,1193533,1193533,1193533,1193533,1193533,1193533,1193533,1193533,1193533,1193533,1193533,1193533,1193533,1193533,1193533,1193533,1193533,1193533,1193533,1193533,1193533,1193533,1193533
"TCENTRO1",D,278,278,278,278,278,278,278,278,278,278,278,278,278,278,278,278,278,278,278,278,278,278,278,278
"TCENTRO1",P,144529,144529,144529,144529,144529,144529,144529,144529,144529,144529,144529,144529,144529,144529,144529,144529,144529,144529,144529,144529,144529,144529,144529,144529
"TEBSA",D,791,791,791,791,791,791,791,791,791,791,791,791,791,791,791,791,791,791,791,791,791,791,791,791
"TEBSA",P,177004,177004,177004,177004,177004,177004,177004,177004,177004,177004,177004,177004,177004,177004,177004,177004,177004,177004,177004,177004,177004,177004,177004,177004
"TEMCALI",D,229,229,229,229,229,229,229,229,229,229,229,229,229,229,229,229,229,229,229,229,229,229,229,229
"TEMCALI",P,180000,180000,180000,180000,180000,180000,180000,180000,180000,180000,180000,180000,180000,180000,180000,180000,180000,180000,180000,180000,180000,180000,180000,180000
"TPIEDRAS",D,0,0,0,0,0,0,0,0,0,0,0,0,0,0,0,0,0,0,0,0,0,0,0,0
"TPIEDRAS",P,0,0,0,0,0,0,0,0,0,0,0,0,0,0,0,0,0,0,0,0,0,0,0,0
"TSIERRA",D,460,460,460,460,460,460,460,460,460,460,460,460,460,460,460,460,460,460,460,460,460,460,460,460
"TSIERRA",P,214055,214055,214055,214055,214055,214055,214055,214055,214055,214055,214055,214055,214055,214055,214055,214055,214055,214055,214055,214055,214055,214055,214055,214055
"TVALLE",D,0,0,0,0,0,0,0,0,0,0,0,0,0,0,0,0,0,0,0,0,0,0,0,0
"TVALLE",P,216075,216075,216075,216075,216075,216075,216075,216075,216075,216075,216075,216075,216075,216075,216075,216075,216075,216075,216075,216075,216075,216075,216075,216075
"TYOPAL2",D,30,30,30,30,30,30,30,30,30,30,30,30,29,29,29,30,30,30,30,30,30,30,30,30
"TYOPAL2",P,60000,60000,60000,60000,60000,60000,60000,60000,60000,60000,60000,60000,60000,60000,60000,60000,60000,60000,60000,60000,60000,60000,60000,60000
"URRA",D,72,72,72,72,72,72,72,72,72,72,72,72,72,72,72,72,140,140,140,140,140,140,72,72
"URRA",P,90000,90000,90000,90000,90000,90000,90000,90000,90000,90000,90000,90000,90000,90000,90000,90000,90000,90000,90000,90000,90000,90000,90000,90000
"VENEZUE1",D,0,0,0,0,0,0,0,0,0,0,0,0,0,0,0,0,0,0,0,0,0,0,0,0
"VENEZUE1",P,274715,274715,274715,274715,274715,274715,274715,274715,274715,274715,274715,274715,274715,274715,274715,274715,274715,274715,312444,312444,312444,274715,274715,274715
"ZIPAEMG2",D,0,0,0,0,0,0,0,0,0,0,0,0,0,0,0,0,0,0,0,0,0,0,0,0
"ZIPAEMG2",P,200000,200000,200000,200000,200000,200000,200000,200000,200000,200000,200000,200000,200000,200000,200000,200000,200000,200000,200000,200000,200000,200000,200000,200000
"ZIPAEMG3",D,63,63,63,63,63,63,63,63,63,63,63,63,63,63,63,63,63,63,63,63,63,63,63,63
"ZIPAEMG3",P,142000,142000,142000,142000,142000,142000,142000,142000,142000,142000,142000,142000,142000,142000,142000,142000,142000,142000,142000,142000,142000,142000,142000,142000
"ZIPAEMG4",D,64,64,64,64,64,64,64,64,64,64,64,64,64,64,64,64,64,64,64,64,64,64,64,64
"ZIPAEMG4",P,137000,137000,137000,137000,137000,137000,137000,137000,137000,137000,137000,137000,137000,137000,137000,137000,137000,137000,137000,137000,137000,137000,137000,137000
"ZIPAEMG5",D,64,64,64,64,64,64,64,64,64,64,64,64,64,64,64,64,64,64,64,64,64,64,64,64
"ZIPAEMG5",P,135000,135000,135000,135000,135000,135000,135000,135000,135000,135000,135000,135000,135000,135000,135000,135000,135000,135000,135000,135000,135000,135000,135000,135000
