"ALBAN",D,429,429,429,429,429,429,429,429,429,429,429,429,429,429,429,429,429,429,429,429,429,429,429,429
"ALBAN",P,34573,34573,34573,34573,34573,34573,34573,34573,34573,34573,34573,34573,34573,34573,34573,34573,34573,34573,34573,34573,34573,34573,34573,34573
"BARRANQ3",D,55,55,55,55,55,55,55,55,55,55,55,55,55,55,55,55,55,55,55,55,55,55,55,55
"BARRANQ3",P,667094,667094,667094,667094,667094,667094,667094,667094,667094,667094,667094,667094,667094,667094,667094,667094,667094,667094,667094,667094,667094,667094,667094,667094
"BARRANQ4",D,55,55,55,55,55,55,55,55,55,55,55,55,55,55,55,55,55,55,55,55,55,55,55,55
"BARRANQ4",P,674354,674354,674354,674354,674354,674354,674354,674354,674354,674354,674354,674354,674354,674354,674354,674354,674354,674354,674354,674354,674354,674354,674354,674354
"BETANIA",D,350,350,350,350,350,350,350,350,350,350,350,350,350,350,350,350,350,350,350,350,350,350,350,350
"BETANIA",P,65000,65000,65000,65000,65000,65000,65000,65000,65000,65000,65000,65000,65000,65000,65000,65000,65000,65000,65000,65000,65000,65000,65000,65000
"CALIMA1",D,132,132,132,132,132,132,132,132,132,132,132,132,132,132,132,132,132,132,132,132,132,132,132,132
"CALIMA1",P,59900,59900,59900,59900,59900,59900,59900,59900,59900,59900,59900,59900,59900,59900,59900,59900,59900,59900,59900,59900,59900,59900,59900,59900
"CHIVOR",D,875,875,875,875,875,875,875,875,875,875,875,875,875,875,875,875,875,875,875,875,875,875,875,875
"CHIVOR",P,36090,36090,36090,36090,36090,36090,36090,36090,36090,36090,36090,36090,36090,36090,36090,36090,36090,36090,36090,36090,36090,36090,36090,36090
"COINCAUCA",D,2,2,3,3,2,2,3,3,3,3,3,2,2,3,2,2,3,2,2,3,2,2,2,2
"COINCAUCA",P,0,0,0,0,0,0,0,0,0,0,0,0,0,0,0,0,0,0,0,0,0,0,0,0
"COROZO1",D,0,0,0,0,0,0,0,0,0,0,0,0,0,0,0,0,0,0,0,0,0,0,0,0
"COROZO1",P,420000,420000,420000,420000,420000,420000,420000,420000,420000,420000,420000,420000,420000,420000,420000,420000,420000,420000,420000,420000,420000,420000,420000,420000
"CSANCARLOS",D,0,0,0,0,0,0,0,0,0,0,0,0,0,0,0,0,0,0,0,0,0,0,0,0
"CSANCARLOS",P,0,0,0,0,0,0,0,0,0,0,0,0,0,0,0,0,0,0,0,0,0,0,0,0
"CTGEMG1",D,58,58,58,58,58,58,58,58,58,58,58,58,58,58,58,58,58,58,58,58,58,58,58,58
"CTGEMG1",P,570000,570000,570000,570000,570000,570000,570000,570000,570000,570000,570000,570000,570000,570000,570000,570000,570000,570000,570000,570000,570000,570000,570000,570000
"CTGEMG2",D,50,50,50,50,50,50,50,50,50,50,50,50,50,50,50,50,50,50,50,50,50,50,50,50
"CTGEMG2",P,630000,630000,630000,630000,630000,630000,630000,630000,630000,630000,630000,630000,630000,630000,630000,630000,630000,630000,630000,630000,630000,630000,630000,630000
"CTGEMG3",D,58,58,58,58,58,58,58,58,58,58,58,58,58,58,58,58,58,58,58,58,58,58,58,58
"CTGEMG3",P,600000,600000,600000,600000,600000,600000,600000,600000,600000,600000,600000,600000,600000,600000,600000,600000,600000,600000,600000,600000,600000,600000,600000,600000
"CVALLEC1",D,0,0,0,0,0,0,0,0,0,0,0,0,0,0,0,0,0,0,0,0,0,0,0,0
"CVALLEC1",P,0,0,0,0,0,0,0,0,0,0,0,0,0,0,0,0,0,0,0,0,0,0,0,0
"DORADA1",D,51,51,51,51,51,51,51,51,51,51,51,51,51,51,51,51,51,51,51,51,51,51,51,51
"DORADA1",P,280266,280266,280266,280266,280266,280266,280266,280266,280266,280266,280266,280266,280266,280266,280266,280266,280266,280266,280266,280266,280266,280266,280266,280266
"ECUADOR11",D,0,0,0,0,0,0,0,0,0,0,0,0,0,0,0,0,0,0,0,0,0,0,0,0
"ECUADOR11",P,113423,113684,113813,113896,113703,114036,113845,166065,167354,175664,240616,193006,175911,197131,240414,240430,179312,171174,243842,242052,239063,193591,134031,119721
"ECUADOR12",D,0,0,0,0,0,0,0,0,0,0,0,0,0,0,0,0,0,0,0,0,0,0,0,0
"ECUADOR12",P,0,0,0,0,0,0,0,0,0,0,0,0,0,0,0,0,0,0,0,0,0,0,0,0
"ECUADOR13",D,0,0,0,0,0,0,0,0,0,0,0,0,0,0,0,0,0,0,0,0,0,0,0,0
"ECUADOR13",P,0,0,0,0,0,0,0,0,0,0,0,0,0,0,0,0,0,0,0,0,0,0,0,0
"ECUADOR14",D,0,0,0,0,0,0,0,0,0,0,0,0,0,0,0,0,0,0,0,0,0,0,0,0
"ECUADOR14",P,0,0,0,0,0,0,0,0,0,0,0,0,0,0,0,0,0,0,0,0,0,0,0,0
"ECUADOR21",D,0,0,0,0,0,0,0,0,0,0,0,0,0,0,0,0,0,0,0,0,0,0,0,0
"ECUADOR21",P,113423,113684,113813,113896,113703,114036,113845,166065,167354,175664,240616,193006,175911,197131,240414,240430,179312,171174,243842,242052,239063,193591,134031,119721
"ECUADOR22",D,0,0,0,0,0,0,0,0,0,0,0,0,0,0,0,0,0,0,0,0,0,0,0,0
"ECUADOR22",P,0,0,0,0,0,0,0,0,0,0,0,0,0,0,0,0,0,0,0,0,0,0,0,0
"ECUADOR23",D,0,0,0,0,0,0,0,0,0,0,0,0,0,0,0,0,0,0,0,0,0,0,0,0
"ECUADOR23",P,0,0,0,0,0,0,0,0,0,0,0,0,0,0,0,0,0,0,0,0,0,0,0,0
"ECUADOR24",D,0,0,0,0,0,0,0,0,0,0,0,0,0,0,0,0,0,0,0,0,0,0,0,0
"ECUADOR24",P,0,0,0,0,0,0,0,0,0,0,0,0,0,0,0,0,0,0,0,0,0,0,0,0
"ESMERALDA",D,29,29,29,29,29,29,29,29,29,29,29,29,29,29,29,29,29,29,29,29,29,29,29,29
"ESMERALDA",P,0,0,0,0,0,0,0,0,0,0,0,0,0,0,0,0,0,0,0,0,0,0,0,0
"FLORES IV",D,450,450,450,450,450,450,450,450,450,450,450,450,450,450,450,450,450,450,450,450,450,450,450,450
"FLORES IV",P,982102,982102,982102,982102,982102,982102,982102,982102,982102,982102,982102,982102,982102,982102,982102,982102,982102,982102,982102,982102,982102,982102,982102,982102
"FLORES1",D,160,160,160,160,160,160,160,160,160,160,160,160,160,160,160,160,160,160,160,160,160,160,160,160
"FLORES1",P,197028,197028,197028,197028,197028,197028,197028,197028,197028,197028,197028,197028,197028,197028,197028,197028,197028,197028,197028,197028,197028,197028,197028,197028
"FLORIDA2",D,8,8,8,8,8,8,8,8,8,8,8,8,8,8,8,8,8,8,8,8,8,8,8,8
"FLORIDA2",P,0,0,0,0,0,0,0,0,0,0,0,0,0,0,0,0,0,0,0,0,0,0,0,0
"GUAJIR11",D,145,145,145,145,145,145,145,145,145,145,145,145,145,145,145,145,145,145,145,145,145,145,145,145
"GUAJIR11",P,201421,201421,201421,201421,201421,201421,201421,201421,201421,201421,201421,201421,201421,201421,201421,201421,201421,201421,201421,201421,201421,201421,201421,201421
"GUAJIR21",D,145,145,145,145,145,145,145,145,145,145,145,145,145,145,145,145,145,145,145,145,145,145,145,145
"GUAJIR21",P,206765,206765,206765,206765,206765,206765,206765,206765,206765,206765,206765,206765,206765,206765,206765,206765,206765,206765,206765,206765,206765,206765,206765,206765
"GUATAPE",D,560,560,560,560,560,560,560,560,560,560,560,560,560,560,560,560,560,560,560,560,560,560,560,560
"GUATAPE",P,34573,34573,34573,34573,34573,34573,34573,34573,34573,34573,34573,34573,34573,34573,34573,34573,34573,34573,34573,34573,34573,34573,34573,34573
"GUATRON",D,512,512,512,512,512,512,512,512,512,512,512,512,512,512,512,512,512,512,512,512,512,512,512,512
"GUATRON",P,36366,36366,36366,36366,36366,36366,36366,36366,36366,36366,36366,36366,36366,36366,36366,36366,36366,36366,36366,36366,36366,36366,36366,36366
"GUAVIO",D,1200,1200,1200,1200,1200,1200,1200,1200,1200,1200,1200,1200,1200,1200,1200,1200,1200,1200,1200,1200,1200,1200,1200,1200
"GUAVIO",P,37000,37000,37000,37000,37000,37000,37000,37000,37000,37000,37000,37000,37000,37000,37000,37000,37000,37000,37000,37000,37000,37000,37000,37000
"INSULA",D,12,12,12,12,12,12,12,12,12,12,12,12,12,12,12,12,12,12,12,12,12,12,12,12
"INSULA",P,0,0,0,0,0,0,0,0,0,0,0,0,0,0,0,0,0,0,0,0,0,0,0,0
"JAGUAS",D,170,170,170,170,170,170,170,170,170,170,170,170,170,170,170,170,170,170,170,170,170,170,170,170
"JAGUAS",P,57000,57000,57000,57000,57000,57000,57000,57000,57000,57000,57000,57000,57000,57000,57000,57000,57000,57000,57000,57000,57000,57000,57000,57000
"LATASAJERA",D,306,306,306,306,306,306,306,306,306,306,306,306,306,306,306,306,306,306,306,306,306,306,306,306
"LATASAJERA",P,54000,54000,54000,54000,54000,54000,54000,54000,54000,54000,54000,54000,54000,54000,54000,54000,54000,54000,54000,54000,54000,54000,54000,54000
"MAGUAFRE",D,7,7,7,7,7,7,7,7,7,7,7,7,7,7,7,7,7,7,7,7,7,7,7,7
"MAGUAFRE",P,0,0,0,0,0,0,0,0,0,0,0,0,0,0,0,0,0,0,0,0,0,0,0,0
"MANTIOQ1",D,60,60,60,60,60,60,60,60,60,60,60,60,60,60,60,60,60,60,60,60,60,60,60,60
"MANTIOQ1",P,0,0,0,0,0,0,0,0,0,0,0,0,0,0,0,0,0,0,0,0,0,0,0,0
"MBELMONTE",D,0,0,0,0,0,0,0,0,0,0,0,0,0,0,0,0,0,0,0,0,0,0,0,0
"MBELMONTE",P,0,0,0,0,0,0,0,0,0,0,0,0,0,0,0,0,0,0,0,0,0,0,0,0
"MBOGOTA1",D,76,76,76,76,76,76,76,76,76,76,76,76,76,76,76,76,76,76,76,76,76,76,76,76
"MBOGOTA1",P,0,0,0,0,0,0,0,0,0,0,0,0,0,0,0,0,0,0,0,0,0,0,0,0
"MCALDERAS",D,20,20,20,20,20,20,20,0,0,0,0,0,0,0,0,0,0,0,20,20,20,20,20,20
"MCALDERAS",P,0,0,0,0,0,0,0,0,0,0,0,0,0,0,0,0,0,0,0,0,0,0,0,0
"MCARUQUIA",D,10,10,10,10,10,10,10,10,10,10,10,10,10,10,10,10,10,10,10,10,10,10,10,10
"MCARUQUIA",P,0,0,0,0,0,0,0,0,0,0,0,0,0,0,0,0,0,0,0,0,0,0,0,0
"MCASCADA1",D,2,2,2,2,2,2,2,2,2,2,2,2,2,2,2,2,2,2,2,2,2,2,2,2
"MCASCADA1",P,0,0,0,0,0,0,0,0,0,0,0,0,0,0,0,0,0,0,0,0,0,0,0,0
"MCAUCAN1",D,6,6,6,6,6,6,6,6,6,6,6,6,6,6,6,6,6,6,6,6,6,6,6,6
"MCAUCAN1",P,0,0,0,0,0,0,0,0,0,0,0,0,0,0,0,0,0,0,0,0,0,0,0,0
"MCAUCAN2",D,4,4,4,4,4,4,4,4,4,4,4,4,4,4,4,4,4,4,4,4,4,4,4,4
"MCAUCAN2",P,0,0,0,0,0,0,0,0,0,0,0,0,0,0,0,0,0,0,0,0,0,0,0,0
"MCIMARR1",D,0,0,0,0,0,0,0,0,0,0,0,0,0,0,0,0,0,0,0,0,0,0,0,0
"MCIMARR1",P,0,0,0,0,0,0,0,0,0,0,0,0,0,0,0,0,0,0,0,0,0,0,0,0
"MCQR1",D,6,6,6,6,6,6,6,6,6,6,6,6,6,6,6,6,6,6,6,6,6,6,6,6
"MCQR1",P,0,0,0,0,0,0,0,0,0,0,0,0,0,0,0,0,0,0,0,0,0,0,0,0
"MCUNDINAMARCA",D,6,6,6,6,8,8,8,7,7,7,8,8,7,7,7,7,7,7,7,7,7,7,7,7
"MCUNDINAMARCA",P,0,0,0,0,0,0,0,0,0,0,0,0,0,0,0,0,0,0,0,0,0,0,0,0
"MCURRUCU",D,1,1,1,1,1,1,1,1,1,1,1,1,1,1,1,1,1,1,1,1,1,1,1,1
"MCURRUCU",P,0,0,0,0,0,0,0,0,0,0,0,0,0,0,0,0,0,0,0,0,0,0,0,0
"MELBOSQUE",D,2,2,2,2,2,2,2,2,2,2,2,2,2,2,2,2,2,2,2,2,2,2,2,2
"MELBOSQUE",P,0,0,0,0,0,0,0,0,0,0,0,0,0,0,0,0,0,0,0,0,0,0,0,0
"MEMCALI",D,0,0,0,0,0,0,0,0,0,0,0,0,0,0,0,0,0,0,0,0,0,0,0,0
"MEMCALI",P,0,0,0,0,0,0,0,0,0,0,0,0,0,0,0,0,0,0,0,0,0,0,0,0
"MERILEC1",D,169,169,169,169,169,169,169,169,169,169,169,169,169,169,169,169,169,169,169,169,169,169,169,169
"MERILEC1",P,218290,218290,218290,218290,218290,218290,218290,218290,218290,218290,218290,218290,218290,218290,218290,218290,218290,218290,218290,218290,218290,218290,218290,218290
"MGUANAQUITA",D,10,10,10,10,10,10,10,10,10,10,10,10,10,10,10,10,10,10,10,10,10,10,10,10
"MGUANAQUITA",P,0,0,0,0,0,0,0,0,0,0,0,0,0,0,0,0,0,0,0,0,0,0,0,0
"MHUILAQ1",D,3,3,3,3,3,3,3,3,3,3,3,3,3,3,3,3,3,3,3,3,3,3,3,3
"MHUILAQ1",P,0,0,0,0,0,0,0,0,0,0,0,0,0,0,0,0,0,0,0,0,0,0,0,0
"MIEL1",D,396,396,396,396,396,396,396,396,396,396,396,396,396,396,396,396,396,396,396,396,396,396,396,396
"MIEL1",P,34573,34573,34573,34573,34573,34573,34573,34573,34573,34573,34573,34573,34573,34573,34573,34573,34573,34573,34573,34573,34573,34573,34573,34573
"MJEPIRAC",D,2,2,2,2,2,2,2,2,3,4,5,6,7,8,8,9,8,7,6,4,4,3,3,3
"MJEPIRAC",P,0,0,0,0,0,0,0,0,0,0,0,0,0,0,0,0,0,0,0,0,0,0,0,0
"MMORRO1",D,20,20,20,20,20,20,20,20,20,20,20,20,20,20,20,20,20,20,20,20,20,20,20,20
"MMORRO1",P,0,0,0,0,0,0,0,0,0,0,0,0,0,0,0,0,0,0,0,0,0,0,0,0
"MMORRO2",D,0,0,0,0,0,0,0,0,0,0,0,0,0,0,0,0,0,0,0,0,0,0,0,0
"MMORRO2",P,0,0,0,0,0,0,0,0,0,0,0,0,0,0,0,0,0,0,0,0,0,0,0,0
"MNLIBARE",D,0,0,0,0,0,0,0,0,0,0,0,0,0,0,0,0,0,0,0,0,0,0,0,0
"MNLIBARE",P,0,0,0,0,0,0,0,0,0,0,0,0,0,0,0,0,0,0,0,0,0,0,0,0
"MNORDE1",D,4,4,4,4,4,4,4,4,4,4,4,4,4,4,4,4,4,4,4,4,4,4,4,4
"MNORDE1",P,0,0,0,0,0,0,0,0,0,0,0,0,0,0,0,0,0,0,0,0,0,0,0,0
"MPRADO4",D,5,5,5,5,5,5,5,5,5,5,5,5,5,5,5,5,5,5,5,5,5,5,5,5
"MPRADO4",P,0,0,0,0,0,0,0,0,0,0,0,0,0,0,0,0,0,0,0,0,0,0,0,0
"MRIOMAYO",D,20,20,20,20,20,20,20,20,20,20,20,20,20,20,20,20,20,20,20,20,20,20,20,20
"MRIOMAYO",P,0,0,0,0,0,0,0,0,0,0,0,0,0,0,0,0,0,0,0,0,0,0,0,0
"MSANTANA",D,5,5,5,5,5,5,5,5,5,5,5,5,5,5,5,5,5,5,5,5,5,5,5,5
"MSANTANA",P,0,0,0,0,0,0,0,0,0,0,0,0,0,0,0,0,0,0,0,0,0,0,0,0
"MSANTARITA",D,1,1,1,1,1,1,1,1,1,1,1,1,1,1,1,1,1,1,1,1,1,1,1,1
"MSANTARITA",P,0,0,0,0,0,0,0,0,0,0,0,0,0,0,0,0,0,0,0,0,0,0,0,0
"MSANTIAGO",D,1,1,1,1,1,1,1,1,1,1,1,1,1,1,1,1,1,1,1,1,1,1,1,1
"MSANTIAGO",P,0,0,0,0,0,0,0,0,0,0,0,0,0,0,0,0,0,0,0,0,0,0,0,0
"MTOLIMA1",D,4,4,4,4,4,4,4,4,4,4,4,4,4,4,4,4,4,4,4,4,4,4,4,4
"MTOLIMA1",P,0,0,0,0,0,0,0,0,0,0,0,0,0,0,0,0,0,0,0,0,0,0,0,0
"MTULUA",D,12,12,12,12,12,12,12,12,12,12,12,12,12,12,12,12,12,12,12,12,12,12,12,12
"MTULUA",P,0,0,0,0,0,0,0,0,0,0,0,0,0,0,0,0,0,0,0,0,0,0,0,0
"MVALLEC1",D,7,7,7,7,7,7,7,7,7,7,7,7,7,7,7,7,7,7,7,7,7,7,7,7
"MVALLEC1",P,0,0,0,0,0,0,0,0,0,0,0,0,0,0,0,0,0,0,0,0,0,0,0,0
"MYOPAL1",D,19,19,19,19,19,19,19,19,19,19,19,19,19,19,19,19,19,19,19,19,19,19,19,19
"MYOPAL1",P,0,0,0,0,0,0,0,0,0,0,0,0,0,0,0,0,0,0,0,0,0,0,0,0
"M_AMAIME",D,19,19,19,19,19,19,19,19,19,19,19,19,19,19,19,19,19,19,19,19,19,19,19,19
"M_AMAIME",P,0,0,0,0,0,0,0,0,0,0,0,0,0,0,0,0,0,0,0,0,0,0,0,0
"M_PROVIDEN",D,8,8,8,9,8,9,9,9,9,9,8,8,8,8,9,9,9,9,9,9,9,9,9,8
"M_PROVIDEN",P,0,0,0,0,0,0,0,0,0,0,0,0,0,0,0,0,0,0,0,0,0,0,0,0
"PAGUA",D,400,400,400,400,400,400,400,400,400,400,400,400,400,400,400,400,400,400,400,400,400,400,400,400
"PAGUA",P,34578,34578,34578,34578,34578,34578,34578,34578,34578,34578,34578,34578,34578,34578,34578,34578,34578,34578,34578,34578,34578,34578,34578,34578
"PAIPA1",D,31,31,31,31,31,31,31,31,31,31,31,31,31,31,31,31,31,31,31,31,31,31,31,31
"PAIPA1",P,270000,270000,270000,270000,270000,270000,270000,270000,270000,270000,270000,270000,270000,270000,270000,270000,270000,270000,270000,270000,270000,270000,270000,270000
"PAIPA2",D,59,59,59,59,59,59,59,59,59,59,59,59,59,59,59,59,59,59,59,59,59,59,59,59
"PAIPA2",P,240000,240000,240000,240000,240000,240000,240000,240000,240000,240000,240000,240000,240000,240000,240000,240000,240000,240000,240000,240000,240000,240000,240000,240000
"PAIPA3",D,70,70,70,70,70,70,70,70,70,70,70,70,70,70,70,70,70,70,70,70,70,70,70,70
"PAIPA3",P,280000,280000,280000,280000,280000,280000,280000,280000,280000,280000,280000,280000,280000,280000,280000,280000,280000,280000,280000,280000,280000,280000,280000,280000
"PAIPA4",D,150,150,150,150,150,150,150,150,150,150,150,150,150,150,150,150,150,150,150,150,150,150,150,150
"PAIPA4",P,267000,267000,267000,267000,267000,267000,267000,267000,267000,267000,267000,267000,267000,267000,267000,267000,267000,267000,267000,267000,267000,267000,267000,267000
"PALENQ3",D,0,0,0,0,0,0,0,0,0,0,0,0,0,0,0,0,0,0,0,0,0,0,0,0
"PALENQ3",P,897583,897583,897583,897583,897583,897583,897583,897583,897583,897583,897583,897583,897583,897583,897583,897583,897583,897583,897583,897583,897583,897583,897583,897583
"PLAYAS",D,201,201,201,201,201,201,201,201,201,201,201,201,201,201,201,201,201,201,201,201,201,201,201,201
"PLAYAS",P,36367,36367,36367,36367,36367,36367,36367,36367,36367,36367,36367,36367,36367,36367,36367,36367,36367,36367,36367,36367,36367,36367,36367,36367
"PORCE2",D,270,270,270,270,270,270,270,270,270,270,270,270,270,270,270,270,270,270,270,270,270,270,270,270
"PORCE2",P,34573,34573,34573,34573,34573,34573,34573,34573,34573,34573,34573,34573,34573,34573,34573,34573,34573,34573,34573,34573,34573,34573,34573,34573
"PORCE3",D,660,660,660,660,660,660,660,660,660,660,660,660,660,660,660,660,660,660,660,660,660,660,660,660
"PORCE3",P,34573,34573,34573,34573,34573,34573,34573,34573,34573,34573,34573,34573,34573,34573,34573,34573,34573,34573,34573,34573,34573,34573,34573,34573
"PRADO",D,46,46,46,46,46,46,46,46,46,46,46,46,46,46,46,46,46,46,46,46,46,46,46,46
"PRADO",P,34573,34573,34573,34573,34573,34573,34573,34573,34573,34573,34573,34573,34573,34573,34573,34573,34573,34573,34573,34573,34573,34573,34573,34573
"PROELEC1",D,45,45,45,45,45,45,45,45,45,45,45,45,45,45,45,45,45,45,45,45,45,45,45,45
"PROELEC1",P,242753,242753,242753,242753,242753,242753,242753,242753,242753,242753,242753,242753,242753,242753,242753,242753,242753,242753,242753,242753,242753,242753,242753,242753
"PROELEC2",D,45,45,45,45,45,45,45,45,45,45,45,45,45,45,45,45,45,45,45,45,45,45,45,45
"PROELEC2",P,242753,242753,242753,242753,242753,242753,242753,242753,242753,242753,242753,242753,242753,242753,242753,242753,242753,242753,242753,242753,242753,242753,242753,242753
"RPIEDRAS",D,20,20,20,20,20,20,20,20,20,20,20,20,20,20,20,20,20,20,20,20,20,20,20,20
"RPIEDRAS",P,0,0,0,0,0,0,0,0,0,0,0,0,0,0,0,0,0,0,0,0,0,0,0,0
"SALVAJINA",D,285,285,285,285,285,285,285,285,285,285,285,285,285,285,285,285,285,285,285,285,285,285,285,285
"SALVAJINA",P,55000,55000,55000,55000,55000,55000,55000,55000,55000,55000,55000,55000,55000,55000,55000,55000,55000,55000,55000,55000,55000,55000,55000,55000
"SANCARLOS",D,1240,1240,1240,1240,1240,1240,1240,1240,1240,1240,1240,1240,1240,1240,1240,1240,1240,1240,1240,1240,1240,1240,1240,1240
"SANCARLOS",P,34574,34574,34574,34574,34574,34574,34574,34574,34574,34574,34574,34574,34574,34574,34574,34574,34574,34574,34574,34574,34574,34574,34574,34574
"SANFRANCISCO",D,0,0,0,0,0,0,0,0,0,135,135,135,0,0,0,0,0,45,135,135,135,0,0,0
"SANFRANCISCO",P,0,0,0,0,0,0,0,0,0,0,0,0,0,0,0,0,0,0,0,0,0,0,0,0
"TASAJER1",D,155,155,155,155,155,155,155,155,155,155,155,155,155,155,155,155,155,155,155,155,155,155,155,155
"TASAJER1",P,168790,168790,168790,168790,168790,168790,168790,168790,168790,168790,168790,168790,168790,168790,168790,168790,168790,168790,168790,168790,168790,168790,168790,168790
"TCANDEL1",D,157,157,157,157,157,157,157,157,157,157,157,157,157,157,157,157,157,157,157,157,157,157,157,157
"TCANDEL1",P,1210149,1210149,1210149,1210149,1210149,1210149,1210149,1210149,1210149,1210149,1210149,1210149,1210149,1210149,1210149,1210149,1210149,1210149,1210149,1210149,1210149,1210149,1210149,1210149
"TCANDEL2",D,157,157,157,157,157,157,157,157,157,157,157,157,157,157,157,157,157,157,157,157,157,157,157,157
"TCANDEL2",P,1194746,1194746,1194746,1194746,1194746,1194746,1194746,1194746,1194746,1194746,1194746,1194746,1194746,1194746,1194746,1194746,1194746,1194746,1194746,1194746,1194746,1194746,1194746,1194746
"TCENTRO1",D,138,138,138,138,138,138,138,138,138,138,138,138,138,138,138,138,138,138,138,138,138,138,138,138
"TCENTRO1",P,140131,140131,140131,140131,140131,140131,140131,140131,140131,140131,140131,140131,140131,140131,140131,140131,140131,140131,140131,140131,140131,140131,140131,140131
"TEBSA",D,791,791,791,791,791,791,791,791,791,791,791,791,791,791,791,791,791,791,791,791,791,791,791,791
"TEBSA",P,196090,196090,196090,196090,196090,196090,196090,196090,196090,196090,196090,196090,196090,196090,196090,196090,196090,196090,196090,196090,196090,196090,196090,196090
"TEMCALI",D,229,229,229,229,229,229,229,229,229,229,229,229,229,229,229,229,229,229,229,229,229,229,229,229
"TEMCALI",P,180000,180000,180000,180000,180000,180000,180000,180000,180000,180000,180000,180000,180000,180000,180000,180000,180000,180000,180000,180000,180000,180000,180000,180000
"TPIEDRAS",D,0,0,0,0,0,0,0,0,0,0,0,0,0,0,0,0,0,0,0,0,0,0,0,0
"TPIEDRAS",P,0,0,0,0,0,0,0,0,0,0,0,0,0,0,0,0,0,0,0,0,0,0,0,0
"TSIERRA",D,460,460,460,460,460,460,460,460,460,460,460,460,460,460,460,460,460,460,460,460,460,460,460,460
"TSIERRA",P,216563,216563,216563,216563,216563,216563,216563,216563,216563,216563,216563,216563,216563,216563,216563,216563,216563,216563,216563,216563,216563,216563,216563,216563
"TVALLE",D,0,0,0,0,0,0,0,0,0,0,0,0,0,0,0,0,0,0,0,0,0,0,0,0
"TVALLE",P,216826,216826,216826,216826,216826,216826,216826,216826,216826,216826,216826,216826,216826,216826,216826,216826,216826,216826,216826,216826,216826,216826,216826,216826
"TYOPAL2",D,30,30,30,30,30,30,30,30,30,30,30,30,30,30,30,30,30,30,30,30,30,30,30,30
"TYOPAL2",P,60000,60000,60000,60000,60000,60000,60000,60000,60000,60000,60000,60000,60000,60000,60000,60000,60000,60000,60000,60000,60000,60000,60000,60000
"URRA",D,79,79,79,79,79,79,79,79,79,79,79,79,79,79,79,158,158,158,158,158,158,158,79,79
"URRA",P,34573,34573,34573,34573,34573,34573,34573,34573,34573,34573,34573,34573,34573,34573,34573,34573,34573,34573,34573,34573,34573,34573,34573,34573
"VENEZUE1",D,0,0,0,0,0,0,0,0,0,0,0,0,0,0,0,0,0,0,0,0,0,0,0,0
"VENEZUE1",P,270921,270921,270921,270921,270921,270921,270921,270921,270921,270921,270921,270921,270921,270921,270921,270921,270921,270921,307935,307935,307935,270921,270921,270921
"ZIPAEMG2",D,0,0,0,0,0,0,0,0,0,0,0,0,0,0,0,0,0,0,0,0,0,0,0,0
"ZIPAEMG2",P,185000,185000,185000,185000,185000,185000,185000,185000,185000,185000,185000,185000,185000,185000,185000,185000,185000,185000,185000,185000,185000,185000,185000,185000
"ZIPAEMG3",D,63,63,63,63,63,63,63,63,63,63,63,63,63,63,63,63,63,63,63,63,63,63,63,63
"ZIPAEMG3",P,135000,135000,135000,135000,135000,135000,135000,135000,135000,135000,135000,135000,135000,135000,135000,135000,135000,135000,135000,135000,135000,135000,135000,135000
"ZIPAEMG4",D,64,64,64,64,64,64,64,64,64,64,64,64,64,64,64,64,64,64,64,64,64,64,64,64
"ZIPAEMG4",P,175000,175000,175000,175000,175000,175000,175000,175000,175000,175000,175000,175000,175000,175000,175000,175000,175000,175000,175000,175000,175000,175000,175000,175000
"ZIPAEMG5",D,64,64,64,64,64,64,64,64,64,64,64,64,64,64,64,64,64,64,64,64,64,64,64,64
"ZIPAEMG5",P,165000,165000,165000,165000,165000,165000,165000,165000,165000,165000,165000,165000,165000,165000,165000,165000,165000,165000,165000,165000,165000,165000,165000,165000
