"ALBAN",D,287,287,287,287,287,287,287,287,287,287,287,287,287,287,287,287,287,287,419,419,419,419,419,419
"ALBAN",P,250000,250000,250000,250000,250000,250000,250000,250000,250000,250000,250000,250000,250000,250000,250000,250000,250000,250000,250000,250000,250000,250000,250000,250000
"BARRANQ3",D,60,60,60,60,60,60,60,60,60,60,60,60,60,60,60,60,60,60,60,60,60,60,60,60
"BARRANQ3",P,703787,703787,703787,703787,703787,703787,703787,703787,703787,703787,703787,703787,703787,703787,703787,703787,703787,703787,703787,703787,703787,703787,703787,703787
"BARRANQ4",D,60,60,60,60,60,60,60,60,60,60,60,60,60,60,60,60,60,60,60,60,60,60,60,60
"BARRANQ4",P,722264,722264,722264,722264,722264,722264,722264,722264,722264,722264,722264,722264,722264,722264,722264,722264,722264,722264,722264,722264,722264,722264,722264,722264
"BETANIA",D,540,540,540,540,540,540,540,540,540,540,540,540,540,540,540,540,540,540,540,540,540,540,540,540
"BETANIA",P,41000,41000,41000,41000,41000,41000,41000,41000,41000,41000,41000,41000,41000,41000,41000,41000,41000,41000,41000,41000,41000,41000,41000,41000
"CALIMA1",D,132,132,132,132,132,132,132,132,132,132,132,132,132,132,132,132,132,132,132,132,132,132,132,132
"CALIMA1",P,126000,126000,126000,126000,126000,126000,126000,126000,126000,126000,126000,126000,126000,126000,126000,126000,126000,126000,126000,126000,126000,126000,126000,126000
"CHIVOR",D,1000,1000,1000,1000,1000,1000,1000,1000,1000,1000,1000,1000,1000,1000,1000,1000,1000,1000,1000,1000,1000,1000,1000,1000
"CHIVOR",P,34289,34289,34289,34289,34289,34289,34289,34289,34289,34289,34289,34289,34289,34289,34289,34289,34289,34289,34289,34289,34289,34289,34289,34289
"COINCAUCA",D,2,2,3,3,2,2,3,3,3,3,3,2,2,3,2,2,3,2,2,3,2,2,2,2
"COINCAUCA",P,0,0,0,0,0,0,0,0,0,0,0,0,0,0,0,0,0,0,0,0,0,0,0,0
"COROZO1",D,0,0,0,0,0,0,0,0,0,0,0,0,0,0,0,0,0,0,0,0,0,0,0,0
"COROZO1",P,420000,420000,420000,420000,420000,420000,420000,420000,420000,420000,420000,420000,420000,420000,420000,420000,420000,420000,420000,420000,420000,420000,420000,420000
"CSANCARLOS",D,0,0,0,0,0,0,0,0,0,0,0,0,0,0,0,0,0,0,0,0,0,0,0,0
"CSANCARLOS",P,0,0,0,0,0,0,0,0,0,0,0,0,0,0,0,0,0,0,0,0,0,0,0,0
"CTGEMG1",D,61,61,61,61,61,61,61,61,61,61,61,61,61,61,61,61,61,61,61,61,61,61,61,61
"CTGEMG1",P,780000,780000,780000,780000,780000,780000,780000,780000,780000,780000,780000,780000,780000,780000,780000,780000,780000,780000,780000,780000,780000,780000,780000,780000
"CTGEMG2",D,52,52,52,52,52,52,52,52,52,52,52,52,52,52,52,52,52,52,52,52,52,52,52,52
"CTGEMG2",P,750000,750000,750000,750000,750000,750000,750000,750000,750000,750000,750000,750000,750000,750000,750000,750000,750000,750000,750000,750000,750000,750000,750000,750000
"CTGEMG3",D,66,66,66,66,66,66,66,66,66,66,66,66,66,66,66,66,66,66,66,66,66,66,66,66
"CTGEMG3",P,910000,910000,910000,910000,910000,910000,910000,910000,910000,910000,910000,910000,910000,910000,910000,910000,910000,910000,910000,910000,910000,910000,910000,910000
"CVALLEC1",D,0,0,0,0,0,0,0,0,0,0,0,0,0,0,0,0,0,0,0,0,0,0,0,0
"CVALLEC1",P,0,0,0,0,0,0,0,0,0,0,0,0,0,0,0,0,0,0,0,0,0,0,0,0
"DORADA1",D,51,51,51,51,51,51,51,51,15,15,51,51,51,51,51,51,51,51,51,51,51,51,51,51
"DORADA1",P,279610,279610,279610,279610,279610,279610,279610,279610,279610,279610,279610,279610,279610,279610,279610,279610,279610,279610,279610,279610,279610,279610,279610,279610
"ECUADOR11",D,0,0,0,0,0,0,0,0,0,0,0,0,0,0,0,0,0,0,0,0,0,0,0,0
"ECUADOR11",P,108706,108794,108827,108804,108725,110251,109995,143203,152035,156046,167470,167368,152460,157368,167448,167463,151219,150239,233973,203538,169673,151773,118471,111128
"ECUADOR12",D,0,0,0,0,0,0,0,0,0,0,0,0,0,0,0,0,0,0,0,0,0,0,0,0
"ECUADOR12",P,0,0,0,0,0,0,0,0,0,0,0,0,0,0,0,0,0,0,0,0,0,0,0,0
"ECUADOR13",D,0,0,0,0,0,0,0,0,0,0,0,0,0,0,0,0,0,0,0,0,0,0,0,0
"ECUADOR13",P,0,0,0,0,0,0,0,0,0,0,0,0,0,0,0,0,0,0,0,0,0,0,0,0
"ECUADOR14",D,0,0,0,0,0,0,0,0,0,0,0,0,0,0,0,0,0,0,0,0,0,0,0,0
"ECUADOR14",P,0,0,0,0,0,0,0,0,0,0,0,0,0,0,0,0,0,0,0,0,0,0,0,0
"ECUADOR21",D,0,0,0,0,0,0,0,0,0,0,0,0,0,0,0,0,0,0,0,0,0,0,0,0
"ECUADOR21",P,108706,108794,108827,108804,108725,110251,109995,143203,152035,156046,167470,167368,152460,157368,167448,167463,151219,150239,233973,203538,169673,151773,118471,111128
"ECUADOR22",D,0,0,0,0,0,0,0,0,0,0,0,0,0,0,0,0,0,0,0,0,0,0,0,0
"ECUADOR22",P,116396,101574,101666,101682,101600,116034,115661,102922,113994,117135,126757,126736,126728,124955,124766,113697,113731,138765,166548,159470,157953,141809,111020,104182
"ECUADOR23",D,0,0,0,0,0,0,0,0,0,0,0,0,0,0,0,0,0,0,0,0,0,0,0,0
"ECUADOR23",P,122884,137876,137914,137953,137609,112715,106481,134686,156667,156815,163254,163312,163565,163449,193081,163572,156814,157367,250548,235095,206962,163939,117107,113777
"ECUADOR24",D,0,0,0,0,0,0,0,0,0,0,0,0,0,0,0,0,0,0,0,0,0,0,0,0
"ECUADOR24",P,0,0,0,0,0,0,0,0,0,0,0,0,0,0,0,0,0,0,0,0,0,0,0,0
"ESMERALDA",D,22,22,22,22,22,22,22,22,22,22,22,22,22,22,22,22,22,22,22,22,22,22,22,22
"ESMERALDA",P,0,0,0,0,0,0,0,0,0,0,0,0,0,0,0,0,0,0,0,0,0,0,0,0
"FLORES IV",D,450,450,450,450,450,450,450,450,450,450,450,450,450,450,450,450,450,450,450,450,450,450,450,450
"FLORES IV",P,185162,185162,185162,185162,185162,185162,185162,185162,185162,185162,185162,185162,185162,185162,185162,185162,185162,185162,185162,185162,185162,185162,185162,185162
"FLORES1",D,152,152,152,152,152,152,152,152,152,152,152,152,152,152,152,152,152,152,152,152,152,152,152,152
"FLORES1",P,998515,998515,998515,998515,998515,998515,998515,998515,998515,998515,998515,998515,998515,998515,998515,998515,998515,998515,998515,998515,998515,998515,998515,998515
"FLORIDA2",D,8,8,8,8,8,8,8,8,8,8,8,8,8,8,8,8,8,8,8,8,8,8,8,8
"FLORIDA2",P,0,0,0,0,0,0,0,0,0,0,0,0,0,0,0,0,0,0,0,0,0,0,0,0
"GUAJIR11",D,145,145,145,145,145,145,145,145,145,145,145,145,145,145,145,145,145,145,145,145,145,145,145,145
"GUAJIR11",P,200415,200415,200415,200415,200415,200415,200415,200415,200415,200415,200415,200415,200415,200415,200415,200415,200415,200415,200415,200415,200415,200415,200415,200415
"GUAJIR21",D,145,145,145,145,145,145,145,145,145,145,145,145,145,145,145,145,145,145,145,145,145,145,145,145
"GUAJIR21",P,204621,204621,204621,204621,204621,204621,204621,204621,204621,204621,204621,204621,204621,204621,204621,204621,204621,204621,204621,204621,204621,204621,204621,204621
"GUATAPE",D,560,560,560,560,560,560,560,560,560,560,560,560,560,560,560,560,560,560,560,560,560,560,560,560
"GUATAPE",P,115000,115000,115000,115000,115000,115000,115000,115000,115000,115000,115000,115000,115000,115000,115000,115000,115000,115000,115000,115000,115000,115000,115000,115000
"GUATRON",D,0,0,0,0,0,0,0,0,0,0,0,0,0,0,0,0,0,0,0,0,0,0,0,0
"GUATRON",P,350000,350000,350000,350000,350000,350000,350000,350000,350000,350000,350000,350000,350000,350000,350000,350000,350000,350000,350000,350000,350000,350000,350000,350000
"GUAVIO",D,1200,1200,1200,1200,1200,1200,1200,1200,1200,1200,1200,1200,1200,1200,1200,1200,1200,1200,1200,1200,1200,1200,1200,1200
"GUAVIO",P,45000,45000,45000,45000,45000,45000,45000,45000,45000,45000,45000,45000,45000,45000,45000,45000,45000,45000,45000,45000,45000,45000,45000,45000
"INSULA",D,10,10,10,10,10,10,10,10,10,10,10,10,10,10,10,10,10,10,10,10,10,10,10,10
"INSULA",P,0,0,0,0,0,0,0,0,0,0,0,0,0,0,0,0,0,0,0,0,0,0,0,0
"JAGUAS",D,85,85,85,85,85,85,85,85,85,85,85,85,85,85,85,85,85,85,85,85,85,85,85,85
"JAGUAS",P,34289,34289,34289,34289,34289,34289,34289,34289,34289,34289,34289,34289,34289,34289,34289,34289,34289,34289,34289,34289,34289,34289,34289,34289
"LATASAJERA",D,306,306,306,306,306,306,306,306,306,306,306,306,306,306,306,306,306,306,306,306,306,306,306,306
"LATASAJERA",P,110000,110000,110000,110000,110000,110000,110000,110000,110000,110000,110000,110000,110000,110000,110000,110000,110000,110000,110000,110000,110000,110000,110000,110000
"MAGUAFRE",D,7,7,7,7,7,7,7,7,7,7,7,7,7,7,7,7,7,7,7,7,7,7,7,7
"MAGUAFRE",P,0,0,0,0,0,0,0,0,0,0,0,0,0,0,0,0,0,0,0,0,0,0,0,0
"MALTOTULUA1",D,19,19,19,19,19,19,19,19,19,19,19,19,19,19,19,19,19,19,19,19,19,19,19,19
"MALTOTULUA1",P,0,0,0,0,0,0,0,0,0,0,0,0,0,0,0,0,0,0,0,0,0,0,0,0
"MANTIOQ1",D,65,65,65,65,65,65,65,65,65,65,65,65,65,65,65,65,65,65,65,65,65,65,65,65
"MANTIOQ1",P,0,0,0,0,0,0,0,0,0,0,0,0,0,0,0,0,0,0,0,0,0,0,0,0
"MBELMONTE",D,0,0,0,0,0,0,0,0,0,0,0,0,0,0,0,0,0,0,0,0,0,0,0,0
"MBELMONTE",P,0,0,0,0,0,0,0,0,0,0,0,0,0,0,0,0,0,0,0,0,0,0,0,0
"MBOGOTA1",D,96,96,96,96,96,96,96,96,96,96,96,96,96,96,96,96,96,96,96,96,96,96,96,96
"MBOGOTA1",P,0,0,0,0,0,0,0,0,0,0,0,0,0,0,0,0,0,0,0,0,0,0,0,0
"MCALDERAS",D,0,0,0,0,0,0,0,0,0,10,10,10,10,10,5,5,0,0,20,20,20,0,0,0
"MCALDERAS",P,0,0,0,0,0,0,0,0,0,0,0,0,0,0,0,0,0,0,0,0,0,0,0,0
"MCARUQUIA",D,10,10,10,10,10,10,10,10,10,10,10,10,10,10,10,10,10,10,10,10,10,10,10,10
"MCARUQUIA",P,0,0,0,0,0,0,0,0,0,0,0,0,0,0,0,0,0,0,0,0,0,0,0,0
"MCASCADA1",D,2,2,2,2,2,2,2,2,2,2,2,2,2,2,2,2,2,2,2,2,2,2,2,2
"MCASCADA1",P,0,0,0,0,0,0,0,0,0,0,0,0,0,0,0,0,0,0,0,0,0,0,0,0
"MCAUCAN1",D,5,5,5,5,5,5,5,5,5,5,5,5,5,5,5,5,5,5,5,5,5,5,5,5
"MCAUCAN1",P,0,0,0,0,0,0,0,0,0,0,0,0,0,0,0,0,0,0,0,0,0,0,0,0
"MCAUCAN2",D,4,4,4,4,4,4,4,4,4,4,4,4,4,4,4,4,4,4,4,4,4,4,4,4
"MCAUCAN2",P,0,0,0,0,0,0,0,0,0,0,0,0,0,0,0,0,0,0,0,0,0,0,0,0
"MCIMARR1",D,20,20,20,20,20,20,20,20,20,20,20,20,20,20,20,20,20,20,20,20,20,20,20,20
"MCIMARR1",P,0,0,0,0,0,0,0,0,0,0,0,0,0,0,0,0,0,0,0,0,0,0,0,0
"MCQR1",D,2,2,2,2,2,2,2,2,2,2,2,2,2,2,2,2,2,2,2,2,2,2,2,2
"MCQR1",P,0,0,0,0,0,0,0,0,0,0,0,0,0,0,0,0,0,0,0,0,0,0,0,0
"MCUNDINAMARCA",D,0,0,0,0,0,0,0,0,0,0,0,0,0,0,0,0,0,0,0,0,0,0,0,0
"MCUNDINAMARCA",P,0,0,0,0,0,0,0,0,0,0,0,0,0,0,0,0,0,0,0,0,0,0,0,0
"MCURRUCU",D,1,1,1,1,1,1,1,1,1,1,1,1,1,1,1,1,1,1,1,1,1,1,1,1
"MCURRUCU",P,0,0,0,0,0,0,0,0,0,0,0,0,0,0,0,0,0,0,0,0,0,0,0,0
"MELBOSQUE",D,2,2,2,2,2,2,2,2,2,2,2,2,2,2,2,2,2,2,2,2,2,2,2,2
"MELBOSQUE",P,0,0,0,0,0,0,0,0,0,0,0,0,0,0,0,0,0,0,0,0,0,0,0,0
"MEMCALI",D,0,0,0,0,0,0,0,0,0,0,0,0,0,0,0,0,0,0,0,0,0,0,0,0
"MEMCALI",P,0,0,0,0,0,0,0,0,0,0,0,0,0,0,0,0,0,0,0,0,0,0,0,0
"MERILEC1",D,169,169,169,169,169,169,169,169,169,169,169,169,169,169,169,169,169,169,169,169,169,169,169,169
"MERILEC1",P,225668,225668,225668,225668,225668,225668,225668,225668,225668,225668,225668,225668,225668,225668,225668,225668,225668,225668,225668,225668,225668,225668,225668,225668
"MGUANAQUITA",D,10,10,10,10,10,10,10,10,10,10,10,10,10,10,10,10,10,10,10,10,10,10,10,10
"MGUANAQUITA",P,0,0,0,0,0,0,0,0,0,0,0,0,0,0,0,0,0,0,0,0,0,0,0,0
"MHUILAQ1",D,3,3,3,3,3,3,3,3,3,3,3,3,3,3,3,3,3,3,3,3,3,3,3,3
"MHUILAQ1",P,0,0,0,0,0,0,0,0,0,0,0,0,0,0,0,0,0,0,0,0,0,0,0,0
"MIEL1",D,339,339,339,339,339,339,339,339,339,339,339,339,339,339,339,339,339,339,339,339,339,339,339,339
"MIEL1",P,135000,135000,135000,135000,135000,135000,135000,135000,135000,135000,135000,135000,135000,135000,135000,135000,135000,135000,135000,135000,135000,135000,135000,135000
"MJEPIRAC",D,4,4,3,3,3,3,3,4,4,4,5,6,7,8,9,10,10,9,8,6,6,5,5,4
"MJEPIRAC",P,0,0,0,0,0,0,0,0,0,0,0,0,0,0,0,0,0,0,0,0,0,0,0,0
"MMONTAÑITAS",D,20,20,20,20,20,20,20,20,20,20,20,20,20,20,20,20,20,20,20,20,20,20,20,20
"MMONTAÑITAS",P,0,0,0,0,0,0,0,0,0,0,0,0,0,0,0,0,0,0,0,0,0,0,0,0
"MMORRO1",D,20,20,20,20,20,20,20,20,20,20,20,20,20,20,20,20,20,20,20,20,20,20,20,20
"MMORRO1",P,0,0,0,0,0,0,0,0,0,0,0,0,0,0,0,0,0,0,0,0,0,0,0,0
"MMORRO2",D,19,19,19,19,19,19,19,19,19,19,19,19,19,19,19,19,19,19,19,19,19,19,19,19
"MMORRO2",P,0,0,0,0,0,0,0,0,0,0,0,0,0,0,0,0,0,0,0,0,0,0,0,0
"MNLIBARE",D,1,1,1,1,1,1,1,1,1,1,1,1,1,1,1,1,1,1,1,1,1,1,1,1
"MNLIBARE",P,0,0,0,0,0,0,0,0,0,0,0,0,0,0,0,0,0,0,0,0,0,0,0,0
"MNORDE1",D,6,6,6,6,6,6,6,6,6,6,6,6,6,6,6,6,6,6,6,6,6,6,6,6
"MNORDE1",P,0,0,0,0,0,0,0,0,0,0,0,0,0,0,0,0,0,0,0,0,0,0,0,0
"MPRADO4",D,5,5,5,5,5,5,5,5,5,5,5,5,5,5,5,5,5,5,5,5,5,5,5,5
"MPRADO4",P,0,0,0,0,0,0,0,0,0,0,0,0,0,0,0,0,0,0,0,0,0,0,0,0
"MRIOMAYO",D,0,0,0,0,13,13,20,20,20,20,20,20,0,0,0,0,0,0,20,20,20,20,20,20
"MRIOMAYO",P,0,0,0,0,0,0,0,0,0,0,0,0,0,0,0,0,0,0,0,0,0,0,0,0
"MSANTANA",D,5,5,5,5,5,5,5,5,5,5,5,5,5,5,5,5,5,5,5,5,5,5,5,5
"MSANTANA",P,0,0,0,0,0,0,0,0,0,0,0,0,0,0,0,0,0,0,0,0,0,0,0,0
"MSANTARITA",D,1,1,1,1,1,1,1,1,1,1,1,1,1,1,1,1,1,1,1,1,1,1,1,1
"MSANTARITA",P,0,0,0,0,0,0,0,0,0,0,0,0,0,0,0,0,0,0,0,0,0,0,0,0
"MSANTIAGO",D,1,1,1,1,1,1,1,1,1,1,1,1,1,1,1,1,1,1,1,1,1,1,1,1
"MSANTIAGO",P,0,0,0,0,0,0,0,0,0,0,0,0,0,0,0,0,0,0,0,0,0,0,0,0
"MTOLIMA1",D,4,4,4,4,4,4,4,4,4,4,4,4,4,4,4,4,4,4,4,4,4,4,4,4
"MTOLIMA1",P,0,0,0,0,0,0,0,0,0,0,0,0,0,0,0,0,0,0,0,0,0,0,0,0
"MTULUA",D,7,7,7,7,7,7,7,7,7,7,7,7,7,7,7,7,7,7,7,7,7,7,7,7
"MTULUA",P,0,0,0,0,0,0,0,0,0,0,0,0,0,0,0,0,0,0,0,0,0,0,0,0
"MVALLEC1",D,7,7,7,7,7,7,7,7,7,7,7,7,7,7,7,7,7,7,7,7,7,7,7,7
"MVALLEC1",P,0,0,0,0,0,0,0,0,0,0,0,0,0,0,0,0,0,0,0,0,0,0,0,0
"MYOPAL1",D,0,0,0,0,0,0,0,0,0,0,0,0,0,0,0,0,0,0,0,0,0,0,0,0
"MYOPAL1",P,0,0,0,0,0,0,0,0,0,0,0,0,0,0,0,0,0,0,0,0,0,0,0,0
"M_AMAIME",D,19,19,19,19,19,19,19,19,19,19,19,19,19,19,19,19,19,19,19,19,19,19,19,19
"M_AMAIME",P,0,0,0,0,0,0,0,0,0,0,0,0,0,0,0,0,0,0,0,0,0,0,0,0
"M_PROVIDEN",D,8,8,8,9,8,9,9,9,9,9,8,8,8,8,9,9,9,9,9,9,9,9,9,8
"M_PROVIDEN",P,0,0,0,0,0,0,0,0,0,0,0,0,0,0,0,0,0,0,0,0,0,0,0,0
"PAGUA",D,400,400,400,400,400,400,400,400,400,400,400,400,400,400,400,400,400,600,600,600,600,600,600,600
"PAGUA",P,99000,99000,99000,99000,99000,99000,99000,99000,99000,99000,99000,99000,99000,99000,99000,99000,99000,99000,99000,99000,99000,99000,99000,99000
"PAIPA1",D,31,31,31,31,31,31,31,31,31,31,31,31,31,31,31,31,31,31,31,31,31,31,31,31
"PAIPA1",P,241000,241000,241000,241000,241000,241000,241000,241000,241000,241000,241000,241000,241000,241000,241000,241000,241000,241000,241000,241000,241000,241000,241000,241000
"PAIPA2",D,59,59,59,59,59,59,59,59,59,59,59,59,59,59,59,59,59,59,59,59,59,59,59,59
"PAIPA2",P,181000,181000,181000,181000,181000,181000,181000,181000,181000,181000,181000,181000,181000,181000,181000,181000,181000,181000,181000,181000,181000,181000,181000,181000
"PAIPA3",D,70,70,70,70,70,70,70,70,70,70,70,70,70,70,70,70,70,70,70,70,70,70,70,70
"PAIPA3",P,121000,121000,121000,121000,121000,121000,121000,121000,121000,121000,121000,121000,121000,121000,121000,121000,121000,121000,121000,121000,121000,121000,121000,121000
"PAIPA4",D,144,144,144,144,144,144,144,144,144,144,144,144,144,144,144,144,144,144,144,144,144,144,144,144
"PAIPA4",P,91000,91000,91000,91000,91000,91000,91000,91000,91000,91000,91000,91000,91000,91000,91000,91000,91000,91000,91000,91000,91000,91000,91000,91000
"PALENQ3",D,0,0,0,0,0,0,0,0,0,0,0,0,0,0,0,0,0,0,0,0,0,0,0,0
"PALENQ3",P,897583,897583,897583,897583,897583,897583,897583,897583,897583,897583,897583,897583,897583,897583,897583,897583,897583,897583,897583,897583,897583,897583,897583,897583
"PLAYAS",D,201,201,201,201,201,201,201,201,201,201,201,201,201,201,201,201,201,201,201,201,201,201,201,201
"PLAYAS",P,120000,120000,120000,120000,120000,120000,120000,120000,120000,120000,120000,120000,120000,120000,120000,120000,120000,120000,120000,120000,120000,120000,120000,120000
"PORCE2",D,405,405,405,405,405,405,405,405,405,405,405,405,405,405,405,405,405,405,405,405,405,405,405,405
"PORCE2",P,107000,107000,107000,107000,107000,107000,107000,107000,107000,107000,107000,107000,107000,107000,107000,107000,107000,107000,107000,107000,107000,107000,107000,107000
"PORCE3",D,550,550,550,550,550,550,550,550,550,550,550,550,550,550,550,550,550,550,550,550,550,550,550,550
"PORCE3",P,100000,100000,100000,100000,100000,100000,100000,100000,100000,100000,100000,100000,100000,100000,100000,100000,100000,100000,100000,100000,100000,100000,100000,100000
"PRADO",D,46,46,46,46,46,46,46,46,46,46,46,46,46,46,46,46,46,46,46,46,46,46,46,46
"PRADO",P,125000,125000,125000,125000,125000,125000,125000,125000,125000,125000,125000,125000,125000,125000,125000,125000,125000,125000,125000,125000,125000,125000,125000,125000
"PROELEC1",D,0,0,0,0,0,0,0,0,0,0,0,0,0,0,0,0,0,0,0,0,0,0,0,0
"PROELEC1",P,245636,245636,245636,245636,245636,245636,245636,245636,245636,245636,245636,245636,245636,245636,245636,245636,245636,245636,245636,245636,245636,245636,245636,245636
"PROELEC2",D,45,45,45,45,45,45,45,0,0,0,0,0,0,0,0,0,0,0,0,0,0,0,0,0
"PROELEC2",P,245636,245636,245636,245636,245636,245636,245636,245636,245636,245636,245636,245636,245636,245636,245636,245636,245636,245636,245636,245636,245636,245636,245636,245636
"RPIEDRAS",D,20,20,20,20,20,20,20,20,20,20,20,20,20,20,20,20,20,20,20,20,20,20,20,20
"RPIEDRAS",P,0,0,0,0,0,0,0,0,0,0,0,0,0,0,0,0,0,0,0,0,0,0,0,0
"SALVAJINA",D,190,190,190,190,190,190,190,190,190,190,190,190,190,190,190,190,190,190,190,190,190,190,190,190
"SALVAJINA",P,300000,300000,300000,300000,300000,300000,300000,300000,300000,300000,300000,300000,300000,300000,300000,300000,300000,300000,300000,300000,300000,300000,300000,300000
"SANCARLOS",D,1240,1240,1240,1240,1240,1240,1240,1240,1240,1240,1240,1240,1240,1240,1240,1240,1240,1240,1240,1240,1240,1240,1240,1240
"SANCARLOS",P,119000,119000,119000,119000,119000,119000,119000,119000,119000,119000,119000,119000,119000,119000,119000,119000,119000,119000,119000,119000,119000,119000,119000,119000
"SANFRANCISCO",D,0,0,0,0,0,0,0,0,0,90,90,90,0,0,0,0,0,0,90,90,90,90,0,0
"SANFRANCISCO",P,0,0,0,0,0,0,0,0,0,0,0,0,0,0,0,0,0,0,0,0,0,0,0,0
"TASAJER1",D,155,155,155,155,155,155,155,155,155,155,155,155,155,155,155,155,155,155,155,155,155,155,155,155
"TASAJER1",P,159890,159890,159890,159890,159890,159890,159890,159890,159890,159890,159890,159890,159890,159890,159890,159890,159890,159890,159890,159890,159890,159890,159890,159890
"TCANDEL1",D,157,157,157,157,157,157,157,157,157,157,157,157,157,157,157,157,157,157,157,157,157,157,157,157
"TCANDEL1",P,1208998,1208998,1208998,1208998,1208998,1208998,1208998,1208998,1208998,1208998,1208998,1208998,1208998,1208998,1208998,1208998,1208998,1208998,1208998,1208998,1208998,1208998,1208998,1208998
"TCANDEL2",D,155,155,155,155,155,155,155,155,155,155,155,155,155,155,155,155,155,155,155,155,155,155,155,155
"TCANDEL2",P,1193650,1193650,1193650,1193650,1193650,1193650,1193650,1193650,1193650,1193650,1193650,1193650,1193650,1193650,1193650,1193650,1193650,1193650,1193650,1193650,1193650,1193650,1193650,1193650
"TCENTRO1",D,276,276,276,276,276,276,276,276,276,276,276,276,276,276,276,276,276,276,276,276,276,276,276,276
"TCENTRO1",P,428516,428516,428516,428516,428516,428516,428516,428516,428516,428516,428516,428516,428516,428516,428516,428516,428516,428516,428516,428516,428516,428516,428516,428516
"TEBSA",D,630,630,630,630,630,630,630,630,630,630,630,630,630,630,630,630,630,630,630,630,630,630,630,630
"TEBSA",P,198158,198158,198158,198158,198158,198158,198158,198158,198158,198158,198158,198158,198158,198158,198158,198158,198158,198158,198158,198158,198158,198158,198158,198158
"TEMCALI",D,229,229,229,229,229,229,229,229,229,229,229,229,229,229,229,229,229,229,229,229,229,229,229,229
"TEMCALI",P,180000,180000,180000,180000,180000,180000,180000,180000,180000,180000,180000,180000,180000,180000,180000,180000,180000,180000,180000,180000,180000,180000,180000,180000
"TPIEDRAS",D,0,0,0,0,0,0,0,0,0,0,0,0,0,0,0,0,0,0,0,0,0,0,0,0
"TPIEDRAS",P,0,0,0,0,0,0,0,0,0,0,0,0,0,0,0,0,0,0,0,0,0,0,0,0
"TSIERRA",D,460,460,460,460,460,460,460,460,460,460,460,460,460,460,460,460,460,460,460,460,460,460,460,460
"TSIERRA",P,228960,228960,228960,228960,228960,228960,228960,228960,228960,228960,228960,228960,228960,228960,228960,228960,228960,228960,228960,228960,228960,228960,228960,228960
"TVALLE",D,205,205,205,205,205,205,205,205,205,205,205,205,205,205,205,205,205,205,205,205,205,205,205,205
"TVALLE",P,178146,178146,178146,178146,178146,178146,178146,178146,178146,178146,178146,178146,178146,178146,178146,178146,178146,178146,178146,178146,178146,178146,178146,178146
"TYOPAL2",D,30,30,30,30,30,30,30,30,30,30,29,29,28,28,28,29,29,29,29,30,30,30,30,30
"TYOPAL2",P,50000,50000,50000,50000,50000,50000,50000,50000,50000,50000,50000,50000,50000,50000,50000,50000,50000,50000,50000,50000,50000,50000,50000,50000
"URRA",D,231,231,231,231,231,231,231,231,231,231,231,231,231,231,231,231,231,231,231,231,231,231,231,231
"URRA",P,120000,120000,120000,120000,120000,120000,120000,120000,120000,120000,120000,120000,120000,120000,120000,120000,120000,120000,120000,120000,120000,120000,120000,120000
"VENEZUE1",D,0,0,0,0,0,0,0,0,0,0,0,0,0,0,0,0,0,0,0,0,0,0,0,0
"VENEZUE1",P,256049,256049,256049,256049,256049,256049,256049,256049,256049,256049,256049,256049,256049,256049,256049,256049,256049,256049,291549,291549,291549,256049,256049,256049
"ZIPAEMG2",D,0,0,0,0,0,0,0,0,0,0,0,0,0,0,0,0,0,0,0,0,0,0,0,0
"ZIPAEMG2",P,200000,200000,200000,200000,200000,200000,200000,200000,200000,200000,200000,200000,200000,200000,200000,200000,200000,200000,200000,200000,200000,200000,200000,200000
"ZIPAEMG3",D,63,63,63,63,63,63,63,63,63,63,63,63,63,63,63,63,63,63,63,63,63,63,63,63
"ZIPAEMG3",P,153000,153000,153000,153000,153000,153000,153000,153000,153000,153000,153000,153000,153000,153000,153000,153000,153000,153000,153000,153000,153000,153000,153000,153000
"ZIPAEMG4",D,64,64,64,64,64,64,64,64,64,64,64,64,64,64,64,64,64,64,64,64,64,64,64,64
"ZIPAEMG4",P,131500,131500,131500,131500,131500,131500,131500,131500,131500,131500,131500,131500,131500,131500,131500,131500,131500,131500,131500,131500,131500,131500,131500,131500
"ZIPAEMG5",D,64,64,64,64,64,64,64,64,64,64,64,64,64,64,64,64,64,64,64,64,64,64,64,64
"ZIPAEMG5",P,131000,131000,131000,131000,131000,131000,131000,131000,131000,131000,131000,131000,131000,131000,131000,131000,131000,131000,131000,131000,131000,131000,131000,131000
