"ALBAN",D,419,419,419,419,419,419,419,419,419,419,419,419,419,419,419,419,419,419,419,419,419,419,419,419
"ALBAN",P,59999,59999,59999,59999,59999,59999,59999,59999,59999,59999,59999,59999,59999,59999,59999,59999,59999,59999,59999,59999,59999,59999,59999,59999
"BARRANQ3",D,60,60,60,60,60,60,60,60,60,60,60,60,60,60,60,60,60,60,60,60,60,60,60,60
"BARRANQ3",P,780569,780569,780569,780569,780569,780569,780569,780569,780569,780569,780569,780569,780569,780569,780569,780569,780569,780569,780569,780569,780569,780569,780569,780569
"BARRANQ4",D,60,60,60,60,60,60,60,60,60,60,60,60,60,60,60,60,60,60,60,60,60,60,60,60
"BARRANQ4",P,786872,786872,786872,786872,786872,786872,786872,786872,786872,786872,786872,786872,786872,786872,786872,786872,786872,786872,786872,786872,786872,786872,786872,786872
"BETANIA",D,510,510,510,510,510,510,510,510,510,510,510,510,510,510,510,510,510,510,510,510,510,510,510,510
"BETANIA",P,70000,70000,70000,70000,70000,70000,70000,70000,70000,70000,70000,70000,70000,70000,70000,70000,70000,70000,70000,70000,70000,70000,70000,70000
"CALIMA1",D,132,132,132,132,132,132,132,132,132,132,132,132,132,132,132,132,132,132,132,132,132,132,132,132
"CALIMA1",P,175000,175000,175000,175000,175000,175000,175000,175000,175000,175000,175000,175000,175000,175000,175000,175000,175000,175000,175000,175000,175000,175000,175000,175000
"CHIVOR",D,1000,1000,1000,1000,1000,1000,1000,875,875,875,875,875,875,875,875,875,875,1000,1000,1000,1000,1000,1000,1000
"CHIVOR",P,54500,54500,54500,54500,54500,54500,54500,54500,54500,54500,54500,54500,54500,54500,54500,54500,54500,54500,54500,54500,54500,54500,54500,54500
"COINCAUCA",D,2,2,3,3,2,2,3,3,3,3,3,2,2,3,2,2,3,2,2,3,2,2,2,2
"COINCAUCA",P,0,0,0,0,0,0,0,0,0,0,0,0,0,0,0,0,0,0,0,0,0,0,0,0
"COROZO1",D,0,0,0,0,0,0,0,0,0,0,0,0,0,0,0,0,0,0,0,0,0,0,0,0
"COROZO1",P,420000,420000,420000,420000,420000,420000,420000,420000,420000,420000,420000,420000,420000,420000,420000,420000,420000,420000,420000,420000,420000,420000,420000,420000
"CSANCARLOS",D,0,0,0,0,0,0,0,0,0,0,0,0,0,0,0,0,0,0,0,0,0,0,0,0
"CSANCARLOS",P,0,0,0,0,0,0,0,0,0,0,0,0,0,0,0,0,0,0,0,0,0,0,0,0
"CTGEMG1",D,61,61,61,61,61,61,61,61,61,61,61,61,61,61,61,61,61,61,61,61,61,61,61,61
"CTGEMG1",P,750000,750000,750000,750000,750000,750000,750000,750000,750000,750000,750000,750000,750000,750000,750000,750000,750000,750000,750000,750000,750000,750000,750000,750000
"CTGEMG2",D,52,52,52,52,52,52,52,52,52,52,52,52,52,52,52,52,52,52,52,52,52,52,52,52
"CTGEMG2",P,780000,780000,780000,780000,780000,780000,780000,780000,780000,780000,780000,780000,780000,780000,780000,780000,780000,780000,780000,780000,780000,780000,780000,780000
"CTGEMG3",D,66,66,66,66,66,66,66,66,66,66,66,66,66,66,66,66,66,66,66,66,66,66,66,66
"CTGEMG3",P,810000,810000,810000,810000,810000,810000,810000,810000,810000,810000,810000,810000,810000,810000,810000,810000,810000,810000,810000,810000,810000,810000,810000,810000
"CVALLEC1",D,0,0,0,0,0,0,0,0,0,0,0,0,0,0,0,0,0,0,0,0,0,0,0,0
"CVALLEC1",P,0,0,0,0,0,0,0,0,0,0,0,0,0,0,0,0,0,0,0,0,0,0,0,0
"DORADA1",D,51,51,51,51,51,51,51,51,51,51,51,51,51,51,51,51,51,51,51,51,51,51,51,51
"DORADA1",P,264344,264344,264344,264344,264344,264344,264344,264344,264344,264344,264344,264344,264344,264344,264344,264344,264344,264344,264344,264344,264344,264344,264344,264344
"ECUADOR11",D,0,0,0,0,0,0,0,0,0,0,0,0,0,0,0,0,0,0,0,0,0,0,0,0
"ECUADOR11",P,108797,108893,108923,108900,108730,108228,107980,139295,150402,160646,164297,164315,160821,153910,164252,160765,149838,150356,254364,230218,175174,161031,117171,109989
"ECUADOR12",D,0,0,0,0,0,0,0,0,0,0,0,0,0,0,0,0,0,0,0,0,0,0,0,0
"ECUADOR12",P,0,0,0,0,0,0,0,0,0,0,0,0,0,0,0,0,0,0,0,0,0,0,0,0
"ECUADOR13",D,0,0,0,0,0,0,0,0,0,0,0,0,0,0,0,0,0,0,0,0,0,0,0,0
"ECUADOR13",P,0,0,0,0,0,0,0,0,0,0,0,0,0,0,0,0,0,0,0,0,0,0,0,0
"ECUADOR14",D,0,0,0,0,0,0,0,0,0,0,0,0,0,0,0,0,0,0,0,0,0,0,0,0
"ECUADOR14",P,0,0,0,0,0,0,0,0,0,0,0,0,0,0,0,0,0,0,0,0,0,0,0,0
"ECUADOR21",D,0,0,0,0,0,0,0,0,0,0,0,0,0,0,0,0,0,0,0,0,0,0,0,0
"ECUADOR21",P,108797,108893,108923,108900,108730,108228,107980,139295,150402,160646,164297,164315,160821,153910,164252,160765,149838,150356,254364,230218,175174,161031,117171,109989
"ECUADOR22",D,0,0,0,0,0,0,0,0,0,0,0,0,0,0,0,0,0,0,0,0,0,0,0,0
"ECUADOR22",P,116396,101574,101666,101682,101600,116034,115661,102922,113994,117135,126757,126736,126728,124955,124766,113697,113731,138765,166548,159470,157953,141809,111020,104182
"ECUADOR23",D,0,0,0,0,0,0,0,0,0,0,0,0,0,0,0,0,0,0,0,0,0,0,0,0
"ECUADOR23",P,122884,137876,137914,137953,137609,112715,106481,134686,156667,156815,163254,163312,163565,163449,193081,163572,156814,157367,250548,235095,206962,163939,117107,113777
"ECUADOR24",D,0,0,0,0,0,0,0,0,0,0,0,0,0,0,0,0,0,0,0,0,0,0,0,0
"ECUADOR24",P,0,0,0,0,0,0,0,0,0,0,0,0,0,0,0,0,0,0,0,0,0,0,0,0
"ESMERALDA",D,25,25,25,25,25,25,25,25,25,25,25,25,25,25,25,25,25,25,25,25,25,25,25,25
"ESMERALDA",P,0,0,0,0,0,0,0,0,0,0,0,0,0,0,0,0,0,0,0,0,0,0,0,0
"FLORES IV",D,450,450,450,450,450,450,450,450,450,450,450,450,450,450,450,450,450,450,450,450,450,450,450,450
"FLORES IV",P,182320,182320,182320,182320,182320,182320,182320,182320,182320,182320,182320,182320,182320,182320,182320,182320,182320,182320,182320,182320,182320,182320,182320,182320
"FLORES1",D,160,160,160,160,160,160,160,160,160,160,160,160,160,160,160,160,160,160,160,160,160,160,160,160
"FLORES1",P,253200,253200,253200,253200,253200,253200,253200,253200,253200,253200,253200,253200,253200,253200,253200,253200,253200,253200,253200,253200,253200,253200,253200,253200
"FLORIDA2",D,8,8,8,8,8,8,8,8,8,8,8,8,8,8,8,8,8,8,8,8,8,8,8,8
"FLORIDA2",P,0,0,0,0,0,0,0,0,0,0,0,0,0,0,0,0,0,0,0,0,0,0,0,0
"GUAJIR11",D,0,0,0,0,0,0,0,0,0,0,0,0,0,0,0,0,0,0,0,0,0,0,0,0
"GUAJIR11",P,198781,198781,198781,198781,198781,198781,198781,198781,198781,198781,198781,198781,198781,198781,198781,198781,198781,198781,198781,198781,198781,198781,198781,198781
"GUAJIR21",D,145,145,145,145,145,145,145,145,145,145,145,145,145,145,145,145,145,145,145,145,145,145,145,145
"GUAJIR21",P,198243,198243,198243,198243,198243,198243,198243,198243,198243,198243,198243,198243,198243,198243,198243,198243,198243,198243,198243,198243,198243,198243,198243,198243
"GUATAPE",D,560,560,560,560,560,560,560,560,560,560,560,560,560,560,560,560,560,560,560,560,560,560,560,560
"GUATAPE",P,61000,61000,61000,61000,61000,61000,61000,61000,61000,61000,61000,61000,61000,61000,61000,61000,61000,61000,61000,61000,61000,61000,61000,61000
"GUATRON",D,415,415,415,415,415,415,415,415,415,415,415,415,415,415,415,415,415,415,415,415,415,415,415,415
"GUATRON",P,56000,56000,56000,56000,56000,56000,56000,56000,56000,56000,56000,56000,56000,56000,56000,56000,56000,56000,56000,56000,56000,56000,56000,56000
"GUAVIO",D,1200,1200,1200,1200,1200,1200,1200,1200,1200,1200,1200,1200,1200,1200,1200,1200,1200,1200,1200,1200,1200,1200,1200,1200
"GUAVIO",P,38000,38000,38000,38000,38000,38000,38000,38000,38000,38000,38000,38000,38000,38000,38000,38000,38000,38000,38000,38000,38000,38000,38000,38000
"INSULA",D,11,11,11,11,11,11,11,11,11,11,11,11,11,11,11,11,11,11,11,11,11,11,11,11
"INSULA",P,0,0,0,0,0,0,0,0,0,0,0,0,0,0,0,0,0,0,0,0,0,0,0,0
"JAGUAS",D,0,0,0,0,0,0,0,0,0,0,0,0,0,0,0,0,0,0,0,0,0,0,0,0
"JAGUAS",P,40000,40000,40000,40000,40000,40000,40000,40000,40000,40000,40000,40000,40000,40000,40000,40000,40000,40000,40000,40000,40000,40000,40000,40000
"LATASAJERA",D,306,306,306,306,306,306,306,306,306,306,306,306,306,306,306,306,306,306,306,306,306,306,306,306
"LATASAJERA",P,58000,58000,58000,58000,58000,58000,58000,58000,58000,58000,58000,58000,58000,58000,58000,58000,58000,58000,58000,58000,58000,58000,58000,58000
"MAGUAFRE",D,7,7,7,7,7,7,7,7,7,7,7,7,7,7,7,7,7,7,7,7,7,7,7,7
"MAGUAFRE",P,0,0,0,0,0,0,0,0,0,0,0,0,0,0,0,0,0,0,0,0,0,0,0,0
"MALTOTULUA1",D,19,19,19,19,19,19,19,19,19,19,19,19,19,19,19,19,19,19,19,19,19,19,19,19
"MALTOTULUA1",P,0,0,0,0,0,0,0,0,0,0,0,0,0,0,0,0,0,0,0,0,0,0,0,0
"MANTIOQ1",D,65,65,65,65,65,65,65,65,65,65,65,65,65,65,65,65,65,65,65,65,65,65,65,65
"MANTIOQ1",P,0,0,0,0,0,0,0,0,0,0,0,0,0,0,0,0,0,0,0,0,0,0,0,0
"MBELMONTE",D,0,0,0,0,0,0,0,0,0,0,0,0,0,0,0,0,0,0,0,0,0,0,0,0
"MBELMONTE",P,0,0,0,0,0,0,0,0,0,0,0,0,0,0,0,0,0,0,0,0,0,0,0,0
"MBOGOTA1",D,0,0,0,0,0,0,0,0,0,0,0,0,0,0,0,0,0,0,0,0,0,0,0,0
"MBOGOTA1",P,0,0,0,0,0,0,0,0,0,0,0,0,0,0,0,0,0,0,0,0,0,0,0,0
"MCALDERAS",D,5,5,5,5,5,5,5,5,5,5,5,5,5,5,5,5,5,5,20,20,20,5,5,5
"MCALDERAS",P,0,0,0,0,0,0,0,0,0,0,0,0,0,0,0,0,0,0,0,0,0,0,0,0
"MCARUQUIA",D,10,10,10,10,10,10,10,10,10,10,10,10,10,10,10,10,10,10,10,10,10,10,10,10
"MCARUQUIA",P,0,0,0,0,0,0,0,0,0,0,0,0,0,0,0,0,0,0,0,0,0,0,0,0
"MCASCADA1",D,2,2,2,2,2,2,2,2,2,2,2,2,2,2,2,2,2,2,2,2,2,2,2,2
"MCASCADA1",P,0,0,0,0,0,0,0,0,0,0,0,0,0,0,0,0,0,0,0,0,0,0,0,0
"MCAUCAN1",D,6,6,6,6,6,6,6,6,6,6,6,6,6,6,6,6,6,6,6,6,6,6,6,6
"MCAUCAN1",P,0,0,0,0,0,0,0,0,0,0,0,0,0,0,0,0,0,0,0,0,0,0,0,0
"MCAUCAN2",D,4,4,4,4,4,4,4,4,4,4,4,4,4,4,4,4,4,4,4,4,4,4,4,4
"MCAUCAN2",P,0,0,0,0,0,0,0,0,0,0,0,0,0,0,0,0,0,0,0,0,0,0,0,0
"MCIMARR1",D,20,20,20,20,20,20,20,20,20,20,20,20,20,20,20,20,20,20,20,20,20,20,20,20
"MCIMARR1",P,0,0,0,0,0,0,0,0,0,0,0,0,0,0,0,0,0,0,0,0,0,0,0,0
"MCQR1",D,1,1,1,1,1,1,1,1,1,1,1,1,1,1,1,1,1,1,1,1,1,1,1,1
"MCQR1",P,0,0,0,0,0,0,0,0,0,0,0,0,0,0,0,0,0,0,0,0,0,0,0,0
"MCUNDINAMARCA",D,0,0,0,0,0,0,0,0,0,0,0,0,0,0,0,0,0,0,0,0,0,0,0,0
"MCUNDINAMARCA",P,0,0,0,0,0,0,0,0,0,0,0,0,0,0,0,0,0,0,0,0,0,0,0,0
"MCURRUCU",D,1,1,1,1,1,1,1,1,1,1,1,1,1,1,1,1,1,1,1,1,1,1,1,1
"MCURRUCU",P,0,0,0,0,0,0,0,0,0,0,0,0,0,0,0,0,0,0,0,0,0,0,0,0
"MELBOSQUE",D,2,2,2,2,2,2,2,2,2,2,2,2,2,2,2,2,2,2,2,2,2,2,2,2
"MELBOSQUE",P,0,0,0,0,0,0,0,0,0,0,0,0,0,0,0,0,0,0,0,0,0,0,0,0
"MEMCALI",D,0,0,0,0,0,0,0,0,0,0,0,0,0,0,0,0,0,0,0,0,0,0,0,0
"MEMCALI",P,0,0,0,0,0,0,0,0,0,0,0,0,0,0,0,0,0,0,0,0,0,0,0,0
"MERILEC1",D,169,169,169,169,169,169,169,169,169,169,169,169,169,169,169,169,169,169,169,169,169,169,169,169
"MERILEC1",P,217035,217035,217035,217035,217035,217035,217035,217035,217035,217035,217035,217035,217035,217035,217035,217035,217035,217035,217035,217035,217035,217035,217035,217035
"MGUANAQUITA",D,10,10,10,10,10,10,10,10,10,10,10,10,10,10,10,10,10,10,10,10,10,10,10,10
"MGUANAQUITA",P,0,0,0,0,0,0,0,0,0,0,0,0,0,0,0,0,0,0,0,0,0,0,0,0
"MHUILAQ1",D,3,3,3,3,3,3,3,3,3,3,3,3,3,3,3,3,3,3,3,3,3,3,3,3
"MHUILAQ1",P,0,0,0,0,0,0,0,0,0,0,0,0,0,0,0,0,0,0,0,0,0,0,0,0
"MIEL1",D,378,378,378,378,378,378,378,378,378,378,378,378,378,378,378,378,378,378,378,378,378,378,378,378
"MIEL1",P,180000,180000,180000,180000,180000,180000,180000,180000,180000,180000,180000,180000,180000,180000,180000,180000,180000,180000,180000,180000,180000,180000,180000,180000
"MJEPIRAC",D,4,4,3,3,3,3,3,4,4,4,5,6,7,8,9,10,10,9,8,6,6,5,5,4
"MJEPIRAC",P,0,0,0,0,0,0,0,0,0,0,0,0,0,0,0,0,0,0,0,0,0,0,0,0
"MMONTAÑITAS",D,20,20,20,20,20,20,20,20,20,20,20,20,20,20,20,20,20,20,20,20,20,20,20,20
"MMONTAÑITAS",P,0,0,0,0,0,0,0,0,0,0,0,0,0,0,0,0,0,0,0,0,0,0,0,0
"MMORRO1",D,20,20,20,20,20,20,20,20,20,20,20,20,20,20,20,20,20,20,20,20,20,20,20,20
"MMORRO1",P,0,0,0,0,0,0,0,0,0,0,0,0,0,0,0,0,0,0,0,0,0,0,0,0
"MMORRO2",D,0,0,0,0,0,0,0,0,0,0,0,0,0,0,0,0,0,0,0,0,0,0,0,0
"MMORRO2",P,0,0,0,0,0,0,0,0,0,0,0,0,0,0,0,0,0,0,0,0,0,0,0,0
"MNLIBARE",D,2,2,2,2,2,2,2,2,2,2,2,2,2,2,2,2,2,2,2,2,2,2,2,2
"MNLIBARE",P,0,0,0,0,0,0,0,0,0,0,0,0,0,0,0,0,0,0,0,0,0,0,0,0
"MNORDE1",D,7,7,7,7,7,7,7,7,7,7,7,7,7,7,7,7,7,7,7,7,7,7,7,7
"MNORDE1",P,0,0,0,0,0,0,0,0,0,0,0,0,0,0,0,0,0,0,0,0,0,0,0,0
"MPRADO4",D,5,5,5,5,5,5,5,5,5,5,5,5,5,5,5,5,5,5,5,5,5,5,5,5
"MPRADO4",P,0,0,0,0,0,0,0,0,0,0,0,0,0,0,0,0,0,0,0,0,0,0,0,0
"MRIOMAYO",D,20,20,20,20,20,20,20,20,20,20,20,20,0,0,0,13,13,20,20,20,20,20,20,20
"MRIOMAYO",P,0,0,0,0,0,0,0,0,0,0,0,0,0,0,0,0,0,0,0,0,0,0,0,0
"MSANTANA",D,5,5,5,5,5,5,5,5,5,5,5,5,5,5,5,5,5,5,5,5,5,5,5,5
"MSANTANA",P,0,0,0,0,0,0,0,0,0,0,0,0,0,0,0,0,0,0,0,0,0,0,0,0
"MSANTARITA",D,1,1,1,1,1,1,1,1,1,1,1,1,1,1,1,1,1,1,1,1,1,1,1,1
"MSANTARITA",P,0,0,0,0,0,0,0,0,0,0,0,0,0,0,0,0,0,0,0,0,0,0,0,0
"MSANTIAGO",D,1,1,1,1,1,1,1,1,1,1,1,1,1,1,1,1,1,1,1,1,1,1,1,1
"MSANTIAGO",P,0,0,0,0,0,0,0,0,0,0,0,0,0,0,0,0,0,0,0,0,0,0,0,0
"MTOLIMA1",D,4,4,4,4,4,4,4,4,4,4,4,4,4,4,4,4,4,4,4,4,4,4,4,4
"MTOLIMA1",P,0,0,0,0,0,0,0,0,0,0,0,0,0,0,0,0,0,0,0,0,0,0,0,0
"MTULUA",D,7,7,7,7,7,7,7,7,7,7,7,7,7,7,7,7,7,7,7,7,7,7,7,7
"MTULUA",P,0,0,0,0,0,0,0,0,0,0,0,0,0,0,0,0,0,0,0,0,0,0,0,0
"MVALLEC1",D,7,7,7,7,7,7,7,7,7,7,7,7,7,7,7,7,7,7,7,7,7,7,7,7
"MVALLEC1",P,0,0,0,0,0,0,0,0,0,0,0,0,0,0,0,0,0,0,0,0,0,0,0,0
"MYOPAL1",D,19,19,19,19,19,19,19,19,19,19,19,19,19,19,19,19,19,19,19,19,19,19,19,19
"MYOPAL1",P,0,0,0,0,0,0,0,0,0,0,0,0,0,0,0,0,0,0,0,0,0,0,0,0
"M_AMAIME",D,19,19,19,19,19,19,19,19,19,19,19,19,19,19,19,19,19,19,19,19,19,19,19,19
"M_AMAIME",P,0,0,0,0,0,0,0,0,0,0,0,0,0,0,0,0,0,0,0,0,0,0,0,0
"M_PROVIDEN",D,8,8,8,9,8,9,9,9,9,9,8,8,8,8,9,9,9,9,9,9,9,9,9,8
"M_PROVIDEN",P,0,0,0,0,0,0,0,0,0,0,0,0,0,0,0,0,0,0,0,0,0,0,0,0
"PAGUA",D,600,600,600,600,600,600,600,600,600,600,600,600,600,600,600,600,600,600,600,600,600,600,600,600
"PAGUA",P,75000,75000,75000,75000,75000,75000,75000,75000,75000,75000,75000,75000,75000,75000,75000,75000,75000,75000,75000,75000,75000,75000,75000,75000
"PAIPA1",D,31,31,31,31,31,31,31,31,31,31,31,31,31,31,31,31,31,31,31,31,31,31,31,31
"PAIPA1",P,251000,251000,251000,251000,251000,251000,251000,251000,251000,251000,251000,251000,251000,251000,251000,251000,251000,251000,251000,251000,251000,251000,251000,251000
"PAIPA2",D,59,59,59,59,59,59,59,59,59,59,59,59,59,59,59,59,59,59,59,59,59,59,59,59
"PAIPA2",P,141000,141000,141000,141000,141000,141000,141000,141000,141000,141000,141000,141000,141000,141000,141000,141000,141000,141000,141000,141000,141000,141000,141000,141000
"PAIPA3",D,70,70,70,70,70,70,70,70,70,70,70,70,70,70,70,70,70,70,70,70,70,70,70,70
"PAIPA3",P,121000,121000,121000,121000,121000,121000,121000,121000,121000,121000,121000,121000,121000,121000,121000,121000,121000,121000,121000,121000,121000,121000,121000,121000
"PAIPA4",D,150,150,150,150,150,150,150,150,150,150,150,150,150,150,150,150,150,150,150,150,150,150,150,150
"PAIPA4",P,91000,91000,91000,91000,91000,91000,91000,91000,91000,91000,91000,91000,91000,91000,91000,91000,91000,91000,91000,91000,91000,91000,91000,91000
"PALENQ3",D,0,0,0,0,0,0,0,0,0,0,0,0,0,0,0,0,0,0,0,0,0,0,0,0
"PALENQ3",P,897583,897583,897583,897583,897583,897583,897583,897583,897583,897583,897583,897583,897583,897583,897583,897583,897583,897583,897583,897583,897583,897583,897583,897583
"PLAYAS",D,201,201,201,201,201,201,201,201,201,201,201,201,201,201,201,201,201,201,201,201,201,201,201,201
"PLAYAS",P,44000,44000,44000,44000,44000,44000,44000,44000,44000,44000,44000,44000,44000,44000,44000,44000,44000,44000,44000,44000,44000,44000,44000,44000
"PORCE2",D,405,405,405,405,405,405,405,405,405,405,405,405,405,405,405,405,405,405,405,405,405,405,405,405
"PORCE2",P,90000,90000,90000,90000,90000,90000,90000,90000,90000,90000,90000,90000,90000,90000,90000,90000,90000,90000,90000,90000,90000,90000,90000,90000
"PORCE3",D,550,550,550,550,550,550,550,550,550,550,550,550,550,550,550,550,550,550,550,550,550,550,550,550
"PORCE3",P,50000,50000,50000,50000,50000,50000,50000,50000,50000,50000,50000,50000,50000,50000,50000,50000,50000,50000,50000,50000,50000,50000,50000,50000
"PRADO",D,46,46,46,46,46,46,46,46,46,46,46,46,46,46,46,46,46,46,46,46,46,46,46,46
"PRADO",P,100000,100000,100000,100000,100000,100000,100000,100000,100000,100000,100000,100000,100000,100000,100000,100000,100000,100000,100000,100000,100000,100000,100000,100000
"PROELEC1",D,45,45,45,45,45,45,45,45,45,45,45,45,45,45,45,45,45,45,45,45,45,45,45,45
"PROELEC1",P,245636,245636,245636,245636,245636,245636,245636,245636,245636,245636,245636,245636,245636,245636,245636,245636,245636,245636,245636,245636,245636,245636,245636,245636
"PROELEC2",D,45,45,45,45,45,45,45,45,45,45,45,45,45,45,45,45,45,45,45,45,45,45,45,45
"PROELEC2",P,245636,245636,245636,245636,245636,245636,245636,245636,245636,245636,245636,245636,245636,245636,245636,245636,245636,245636,245636,245636,245636,245636,245636,245636
"RPIEDRAS",D,20,20,20,20,20,20,20,20,20,20,20,20,20,20,20,20,20,20,20,20,20,20,20,20
"RPIEDRAS",P,0,0,0,0,0,0,0,0,0,0,0,0,0,0,0,0,0,0,0,0,0,0,0,0
"SALVAJINA",D,190,190,190,190,190,190,190,190,190,190,190,190,190,190,190,190,190,190,190,190,190,190,190,190
"SALVAJINA",P,225000,225000,225000,225000,225000,225000,225000,225000,225000,225000,225000,225000,225000,225000,225000,225000,225000,225000,225000,225000,225000,225000,225000,225000
"SANCARLOS",D,1240,1240,1240,1240,1240,1240,1240,1240,1240,1240,1240,1240,1085,1085,1085,1085,1085,1085,1240,1240,1240,1240,1240,1240
"SANCARLOS",P,59500,59500,59500,59500,59500,59500,59500,59500,59500,59500,59500,59500,59500,59500,59500,59500,59500,59500,59500,59500,59500,59500,59500,59500
"SANFRANCISCO",D,0,0,0,0,0,0,0,0,0,45,45,45,45,45,45,45,45,45,45,135,135,45,0,0
"SANFRANCISCO",P,0,0,0,0,0,0,0,0,0,0,0,0,0,0,0,0,0,0,0,0,0,0,0,0
"TASAJER1",D,155,155,155,155,155,155,155,155,155,155,155,155,155,155,155,155,155,155,155,155,155,155,155,155
"TASAJER1",P,163880,163880,163880,163880,163880,163880,163880,163880,163880,163880,163880,163880,163880,163880,163880,163880,163880,163880,163880,163880,163880,163880,163880,163880
"TCANDEL1",D,157,157,157,157,157,157,157,157,157,157,157,157,157,157,157,157,157,157,157,157,157,157,157,157
"TCANDEL1",P,1209067,1209067,1209067,1209067,1209067,1209067,1209067,1209067,1209067,1209067,1209067,1209067,1209067,1209067,1209067,1209067,1209067,1209067,1209067,1209067,1209067,1209067,1209067,1209067
"TCANDEL2",D,155,155,155,155,155,155,155,155,155,155,155,155,155,155,155,155,155,155,155,155,155,155,155,155
"TCANDEL2",P,1193716,1193716,1193716,1193716,1193716,1193716,1193716,1193716,1193716,1193716,1193716,1193716,1193716,1193716,1193716,1193716,1193716,1193716,1193716,1193716,1193716,1193716,1193716,1193716
"TCENTRO1",D,276,276,276,276,276,276,276,276,276,276,276,276,276,276,276,276,276,276,276,276,276,276,276,276
"TCENTRO1",P,439526,439526,439526,439526,439526,439526,439526,439526,439526,439526,439526,439526,439526,439526,439526,439526,439526,439526,439526,439526,439526,439526,439526,439526
"TEBSA",D,791,791,791,791,791,791,791,791,791,791,791,791,791,791,791,791,791,791,791,791,791,791,791,791
"TEBSA",P,182380,182380,182380,182380,182380,182380,182380,182380,182380,182380,182380,182380,182380,182380,182380,182380,182380,182380,182380,182380,182380,182380,182380,182380
"TEMCALI",D,229,229,229,229,229,229,229,229,229,229,229,229,229,229,229,229,229,229,229,229,229,229,229,229
"TEMCALI",P,240000,240000,240000,240000,240000,240000,240000,240000,240000,240000,240000,240000,240000,240000,240000,240000,240000,240000,240000,240000,240000,240000,240000,240000
"TPIEDRAS",D,0,0,0,0,0,0,0,0,0,0,0,0,0,0,0,0,0,0,0,0,0,0,0,0
"TPIEDRAS",P,0,0,0,0,0,0,0,0,0,0,0,0,0,0,0,0,0,0,0,0,0,0,0,0
"TSIERRA",D,228,228,228,228,228,228,228,228,228,228,228,228,228,228,228,228,228,228,228,228,228,228,228,228
"TSIERRA",P,221066,221066,221066,221066,221066,221066,221066,221066,221066,221066,221066,221066,221066,221066,221066,221066,221066,221066,221066,221066,221066,221066,221066,221066
"TVALLE",D,0,0,0,0,0,0,0,0,20,100,100,100,100,100,100,100,100,100,100,20,0,0,0,0
"TVALLE",P,216936,216936,216936,216936,216936,216936,216936,216936,216936,216936,216936,216936,216936,216936,216936,216936,216936,216936,216936,216936,216936,216936,216936,216936
"TYOPAL2",D,30,30,30,30,30,30,30,30,30,30,30,30,30,30,30,30,30,30,30,30,30,30,30,30
"TYOPAL2",P,70000,70000,70000,70000,70000,70000,70000,70000,70000,70000,70000,70000,70000,70000,70000,70000,70000,70000,70000,70000,70000,70000,70000,70000
"URRA",D,210,210,210,210,210,210,210,210,210,210,210,210,210,210,210,210,210,210,210,210,210,210,210,210
"URRA",P,360000,360000,360000,360000,360000,360000,360000,360000,360000,360000,360000,360000,360000,360000,360000,360000,360000,360000,360000,360000,360000,360000,360000,360000
"VENEZUE1",D,0,0,0,0,0,0,0,0,0,0,0,0,0,0,0,0,0,0,0,0,0,0,0,0
"VENEZUE1",P,261573,261573,261573,261573,261573,261573,261573,261573,261573,261573,261573,261573,261573,261573,261573,261573,261573,261573,297151,297151,297151,261573,261573,261573
"ZIPAEMG2",D,0,0,0,0,0,0,0,0,0,0,0,0,0,0,0,0,0,0,0,0,0,0,0,0
"ZIPAEMG2",P,200000,200000,200000,200000,200000,200000,200000,200000,200000,200000,200000,200000,200000,200000,200000,200000,200000,200000,200000,200000,200000,200000,200000,200000
"ZIPAEMG3",D,63,63,63,63,63,63,63,63,63,63,63,63,63,63,63,63,63,63,63,63,63,63,63,63
"ZIPAEMG3",P,147000,147000,147000,147000,147000,147000,147000,147000,147000,147000,147000,147000,147000,147000,147000,147000,147000,147000,147000,147000,147000,147000,147000,147000
"ZIPAEMG4",D,64,64,64,64,64,64,64,64,64,64,64,64,64,64,64,64,64,64,64,64,64,64,64,64
"ZIPAEMG4",P,150000,150000,150000,150000,150000,150000,150000,150000,150000,150000,150000,150000,150000,150000,150000,150000,150000,150000,150000,150000,150000,150000,150000,150000
"ZIPAEMG5",D,64,64,64,64,64,64,64,64,64,64,64,64,64,64,64,64,64,64,64,64,64,64,64,64
"ZIPAEMG5",P,144000,144000,144000,144000,144000,144000,144000,144000,144000,144000,144000,144000,144000,144000,144000,144000,144000,144000,144000,144000,144000,144000,144000,144000
