"ALBAN",D,419,419,419,419,419,419,419,419,419,419,419,419,419,419,419,419,419,419,419,419,419,419,419,419
"ALBAN",P,189900,189900,189900,189900,189900,189900,189900,189900,189900,189900,189900,189900,189900,189900,189900,189900,189900,189900,189900,189900,189900,189900,189900,189900
"BARRANQ3",D,60,60,60,60,60,60,60,60,60,60,60,60,60,60,60,60,60,60,60,60,60,60,60,60
"BARRANQ3",P,731981,731981,731981,731981,731981,731981,731981,731981,731981,731981,731981,731981,731981,731981,731981,731981,731981,731981,731981,731981,731981,731981,731981,731981
"BARRANQ4",D,60,60,60,60,60,60,60,60,60,60,60,60,60,60,60,60,60,60,60,60,60,60,60,60
"BARRANQ4",P,740082,740082,740082,740082,740082,740082,740082,740082,740082,740082,740082,740082,740082,740082,740082,740082,740082,740082,740082,740082,740082,740082,740082,740082
"BETANIA",D,534,534,534,534,534,534,534,534,534,534,534,534,534,534,534,534,534,534,534,534,534,534,534,534
"BETANIA",P,33951,33951,33951,33951,33951,33951,33951,33951,33951,33951,33951,33951,33951,33951,33951,33951,33951,33951,33951,33951,33951,33951,33951,33951
"CALIMA1",D,99,99,99,99,99,99,99,99,99,99,99,99,99,99,99,99,99,99,99,99,99,99,99,99
"CALIMA1",P,300000,300000,300000,300000,300000,300000,300000,300000,300000,300000,300000,300000,300000,300000,300000,300000,300000,300000,300000,300000,300000,300000,300000,300000
"CHIVOR",D,875,875,875,875,875,875,875,875,875,875,875,875,875,875,875,875,875,875,875,875,875,875,875,875
"CHIVOR",P,33951,33951,33951,33951,33951,33951,33951,33951,33951,33951,33951,33951,33951,33951,33951,33951,33951,33951,33951,33951,33951,33951,33951,33951
"COINCAUCA",D,2,2,3,3,2,2,3,3,3,3,3,2,2,3,2,2,3,2,2,3,2,2,2,2
"COINCAUCA",P,0,0,0,0,0,0,0,0,0,0,0,0,0,0,0,0,0,0,0,0,0,0,0,0
"COROZO1",D,0,0,0,0,0,0,0,0,0,0,0,0,0,0,0,0,0,0,0,0,0,0,0,0
"COROZO1",P,420000,420000,420000,420000,420000,420000,420000,420000,420000,420000,420000,420000,420000,420000,420000,420000,420000,420000,420000,420000,420000,420000,420000,420000
"CSANCARLOS",D,0,0,0,0,0,0,0,0,0,0,0,0,0,0,0,0,0,0,0,0,0,0,0,0
"CSANCARLOS",P,0,0,0,0,0,0,0,0,0,0,0,0,0,0,0,0,0,0,0,0,0,0,0,0
"CTGEMG1",D,0,0,0,0,0,0,0,0,0,0,0,0,0,0,0,0,0,0,0,0,0,0,0,0
"CTGEMG1",P,840000,840000,840000,840000,840000,840000,840000,840000,840000,840000,840000,840000,840000,840000,840000,840000,840000,840000,840000,840000,840000,840000,840000,840000
"CTGEMG2",D,0,0,0,0,0,0,0,0,0,0,0,0,0,0,0,0,0,0,0,0,0,0,0,0
"CTGEMG2",P,810000,810000,810000,810000,810000,810000,810000,810000,810000,810000,810000,810000,810000,810000,810000,810000,810000,810000,810000,810000,810000,810000,810000,810000
"CTGEMG3",D,66,66,66,66,66,66,66,66,66,66,66,66,66,66,66,66,66,66,66,66,66,66,66,66
"CTGEMG3",P,780000,780000,780000,780000,780000,780000,780000,780000,780000,780000,780000,780000,780000,780000,780000,780000,780000,780000,780000,780000,780000,780000,780000,780000
"CVALLEC1",D,0,0,0,0,0,0,0,0,0,0,0,0,0,0,0,0,0,0,0,0,0,0,0,0
"CVALLEC1",P,0,0,0,0,0,0,0,0,0,0,0,0,0,0,0,0,0,0,0,0,0,0,0,0
"DORADA1",D,46,46,46,46,46,46,46,46,46,46,46,46,46,46,46,46,46,46,46,46,46,46,46,46
"DORADA1",P,615133,615133,615133,615133,615133,615133,615133,615133,615133,615133,615133,615133,615133,615133,615133,615133,615133,615133,615133,615133,615133,615133,615133,615133
"ECUADOR11",D,0,0,0,0,0,0,0,0,0,0,0,0,0,0,0,0,0,0,0,0,0,0,0,0
"ECUADOR11",P,169406,169070,141212,141331,168925,202729,192747,235541,237649,243256,242507,243009,242409,243358,243043,243155,242834,244156,263285,244397,244256,244027,194440,206571
"ECUADOR12",D,0,0,0,0,0,0,0,0,0,0,0,0,0,0,0,0,0,0,0,0,0,0,0,0
"ECUADOR12",P,0,0,0,0,0,0,0,0,0,0,0,0,0,0,0,0,0,0,0,0,0,0,0,0
"ECUADOR13",D,0,0,0,0,0,0,0,0,0,0,0,0,0,0,0,0,0,0,0,0,0,0,0,0
"ECUADOR13",P,0,0,0,0,0,0,0,0,0,0,0,0,0,0,0,0,0,0,0,0,0,0,0,0
"ECUADOR14",D,0,0,0,0,0,0,0,0,0,0,0,0,0,0,0,0,0,0,0,0,0,0,0,0
"ECUADOR14",P,0,0,0,0,0,0,0,0,0,0,0,0,0,0,0,0,0,0,0,0,0,0,0,0
"ECUADOR21",D,0,0,0,0,0,0,0,0,0,0,0,0,0,0,0,0,0,0,0,0,0,0,0,0
"ECUADOR21",P,169406,169070,141212,141331,168925,202729,192747,235541,237649,243256,242507,243009,242409,243358,243043,243155,242834,244156,263285,244397,244256,244027,194440,206571
"ECUADOR22",D,0,0,0,0,0,0,0,0,0,0,0,0,0,0,0,0,0,0,0,0,0,0,0,0
"ECUADOR22",P,116396,101574,101666,101682,101600,116034,115661,102922,113994,117135,126757,126736,126728,124955,124766,113697,113731,138765,166548,159470,157953,141809,111020,104182
"ECUADOR23",D,0,0,0,0,0,0,0,0,0,0,0,0,0,0,0,0,0,0,0,0,0,0,0,0
"ECUADOR23",P,122884,137876,137914,137953,137609,112715,106481,134686,156667,156815,163254,163312,163565,163449,193081,163572,156814,157367,250548,235095,206962,163939,117107,113777
"ECUADOR24",D,0,0,0,0,0,0,0,0,0,0,0,0,0,0,0,0,0,0,0,0,0,0,0,0
"ECUADOR24",P,0,0,0,0,0,0,0,0,0,0,0,0,0,0,0,0,0,0,0,0,0,0,0,0
"ESMERALDA",D,0,0,0,0,0,0,0,0,0,0,0,0,0,0,0,0,0,0,0,0,0,0,0,0
"ESMERALDA",P,0,0,0,0,0,0,0,0,0,0,0,0,0,0,0,0,0,0,0,0,0,0,0,0
"FLORES IV",D,450,450,450,450,450,450,450,450,450,450,450,450,450,450,450,450,450,450,450,450,450,450,450,450
"FLORES IV",P,199740,199740,199740,199740,199740,199740,199740,199740,199740,199740,199740,199740,199740,199740,199740,199740,199740,199740,199740,199740,199740,199740,199740,199740
"FLORES1",D,152,152,152,152,152,152,152,152,152,152,152,152,152,152,152,152,152,152,152,152,152,152,152,152
"FLORES1",P,998720,998720,998720,998720,998720,998720,998720,998720,998720,998720,998720,998720,998720,998720,998720,998720,998720,998720,998720,998720,998720,998720,998720,998720
"FLORIDA2",D,8,8,8,8,8,8,8,8,8,8,8,8,8,8,8,8,8,8,8,8,8,8,8,8
"FLORIDA2",P,0,0,0,0,0,0,0,0,0,0,0,0,0,0,0,0,0,0,0,0,0,0,0,0
"GUAJIR11",D,130,130,130,130,130,130,130,130,130,130,130,130,130,130,130,130,130,130,130,130,130,130,130,130
"GUAJIR11",P,159559,159559,159559,159559,159559,159559,159559,159559,159559,159559,159559,159559,159559,159559,159559,159559,159559,159559,159559,159559,159559,159559,159559,159559
"GUAJIR21",D,100,100,100,100,100,100,100,100,100,100,100,100,100,100,100,100,100,100,100,100,100,100,100,100
"GUAJIR21",P,168202,168202,168202,168202,168202,168202,168202,168202,168202,168202,168202,168202,168202,168202,168202,168202,168202,168202,168202,168202,168202,168202,168202,168202
"GUATAPE",D,560,560,560,560,560,560,560,490,490,490,490,490,560,560,560,560,560,560,560,560,560,560,560,560
"GUATAPE",P,183000,183000,183000,183000,183000,183000,183000,183000,183000,183000,183000,183000,183000,183000,183000,183000,183000,183000,183000,183000,183000,183000,183000,183000
"GUATRON",D,512,512,512,512,512,512,512,512,512,512,512,512,512,512,512,512,512,512,512,512,512,512,512,512
"GUATRON",P,115000,115000,115000,115000,115000,115000,115000,115000,115000,115000,115000,115000,115000,115000,115000,115000,115000,115000,115000,115000,115000,115000,115000,115000
"GUAVIO",D,1200,1200,1200,1200,1200,1200,1200,1200,1200,1200,1200,1200,1200,1200,1200,1200,1200,1200,1200,1200,1200,1200,1200,1200
"GUAVIO",P,173400,173400,173400,173400,173400,173400,173400,173400,173400,173400,173400,173400,173400,173400,173400,173400,173400,173400,173400,173400,173400,173400,173400,173400
"INSULA",D,12,12,12,12,12,12,12,12,12,12,12,12,12,12,12,12,12,12,12,12,12,12,12,12
"INSULA",P,0,0,0,0,0,0,0,0,0,0,0,0,0,0,0,0,0,0,0,0,0,0,0,0
"JAGUAS",D,170,170,170,170,170,170,170,170,170,170,170,170,170,170,170,170,170,170,170,170,170,170,170,170
"JAGUAS",P,33951,33951,33951,33951,33951,33951,33951,33951,33951,33951,33951,33951,33951,33951,33951,33951,33951,33951,33951,33951,33951,33951,33951,33951
"LATASAJERA",D,306,306,306,306,306,306,306,204,204,204,204,204,204,204,204,204,204,204,204,204,204,204,204,204
"LATASAJERA",P,170000,170000,170000,170000,170000,170000,170000,170000,170000,170000,170000,170000,170000,170000,170000,170000,170000,170000,170000,170000,170000,170000,170000,170000
"MAGUAFRE",D,7,7,7,7,7,7,7,7,7,7,7,7,7,7,7,7,7,7,7,7,7,7,7,7
"MAGUAFRE",P,0,0,0,0,0,0,0,0,0,0,0,0,0,0,0,0,0,0,0,0,0,0,0,0
"MALTOTULUA1",D,0,0,0,0,0,0,0,0,0,0,0,0,0,0,0,0,0,0,0,0,0,0,0,0
"MALTOTULUA1",P,0,0,0,0,0,0,0,0,0,0,0,0,0,0,0,0,0,0,0,0,0,0,0,0
"MANTIOQ1",D,65,65,65,65,65,65,65,65,65,65,65,65,65,65,65,65,65,65,65,65,65,65,65,65
"MANTIOQ1",P,0,0,0,0,0,0,0,0,0,0,0,0,0,0,0,0,0,0,0,0,0,0,0,0
"MBELMONTE",D,0,0,0,0,0,0,0,0,0,0,0,0,0,0,0,0,0,0,0,0,0,0,0,0
"MBELMONTE",P,0,0,0,0,0,0,0,0,0,0,0,0,0,0,0,0,0,0,0,0,0,0,0,0
"MBOGOTA1",D,96,96,96,96,96,96,96,96,96,96,96,96,96,96,96,96,96,96,96,96,96,96,96,96
"MBOGOTA1",P,0,0,0,0,0,0,0,0,0,0,0,0,0,0,0,0,0,0,0,0,0,0,0,0
"MCALDERAS",D,0,0,0,0,0,0,10,10,10,10,10,10,10,10,10,10,10,10,20,20,20,10,10,10
"MCALDERAS",P,0,0,0,0,0,0,0,0,0,0,0,0,0,0,0,0,0,0,0,0,0,0,0,0
"MCARUQUIA",D,10,10,10,10,10,10,10,10,10,10,10,10,10,10,10,10,10,10,10,10,10,10,10,10
"MCARUQUIA",P,0,0,0,0,0,0,0,0,0,0,0,0,0,0,0,0,0,0,0,0,0,0,0,0
"MCASCADA1",D,2,2,2,2,2,2,2,2,2,2,2,2,2,2,2,2,2,2,2,2,2,2,2,2
"MCASCADA1",P,0,0,0,0,0,0,0,0,0,0,0,0,0,0,0,0,0,0,0,0,0,0,0,0
"MCAUCAN1",D,3,3,3,3,3,3,3,3,3,3,3,3,3,3,3,3,3,3,3,3,3,3,3,3
"MCAUCAN1",P,0,0,0,0,0,0,0,0,0,0,0,0,0,0,0,0,0,0,0,0,0,0,0,0
"MCAUCAN2",D,4,4,4,4,4,4,4,4,4,4,4,4,4,4,4,4,4,4,4,4,4,4,4,4
"MCAUCAN2",P,0,0,0,0,0,0,0,0,0,0,0,0,0,0,0,0,0,0,0,0,0,0,0,0
"MCIMARR1",D,20,20,20,20,20,20,20,20,20,20,20,20,20,20,20,20,20,20,20,20,20,20,20,20
"MCIMARR1",P,0,0,0,0,0,0,0,0,0,0,0,0,0,0,0,0,0,0,0,0,0,0,0,0
"MCQR1",D,2,2,2,2,2,2,2,2,2,2,2,2,2,2,2,2,2,2,2,2,2,2,2,2
"MCQR1",P,0,0,0,0,0,0,0,0,0,0,0,0,0,0,0,0,0,0,0,0,0,0,0,0
"MCUNDINAMARCA",D,0,0,0,0,0,0,0,0,0,0,0,0,0,0,0,0,0,0,0,0,0,0,0,0
"MCUNDINAMARCA",P,0,0,0,0,0,0,0,0,0,0,0,0,0,0,0,0,0,0,0,0,0,0,0,0
"MCURRUCU",D,1,1,1,1,1,1,1,1,1,1,1,1,1,1,1,1,1,1,1,1,1,1,1,1
"MCURRUCU",P,0,0,0,0,0,0,0,0,0,0,0,0,0,0,0,0,0,0,0,0,0,0,0,0
"MELBOSQUE",D,2,2,2,2,2,2,2,2,2,2,2,2,2,2,2,2,2,2,2,2,2,2,2,2
"MELBOSQUE",P,0,0,0,0,0,0,0,0,0,0,0,0,0,0,0,0,0,0,0,0,0,0,0,0
"MEMCALI",D,0,0,0,0,0,0,0,0,0,0,0,0,0,0,0,0,0,0,0,0,0,0,0,0
"MEMCALI",P,0,0,0,0,0,0,0,0,0,0,0,0,0,0,0,0,0,0,0,0,0,0,0,0
"MERILEC1",D,169,169,169,169,169,169,169,169,169,169,169,169,169,169,169,169,169,169,169,169,169,169,169,169
"MERILEC1",P,455140,455140,455140,455140,455140,455140,455140,455140,455140,455140,455140,455140,455140,455140,455140,455140,455140,455140,455140,455140,455140,455140,455140,455140
"MGUANAQUITA",D,10,10,10,10,10,10,10,10,10,10,10,10,10,10,10,10,10,10,10,10,10,10,10,10
"MGUANAQUITA",P,0,0,0,0,0,0,0,0,0,0,0,0,0,0,0,0,0,0,0,0,0,0,0,0
"MHUILAQ1",D,3,3,3,3,3,3,3,3,3,3,3,3,3,3,3,3,3,3,3,3,3,3,3,3
"MHUILAQ1",P,0,0,0,0,0,0,0,0,0,0,0,0,0,0,0,0,0,0,0,0,0,0,0,0
"MIEL1",D,321,321,321,321,321,321,321,321,321,321,321,321,321,321,321,321,321,321,321,321,321,321,321,321
"MIEL1",P,455140,455140,455140,455140,455140,455140,455140,455140,455140,455140,455140,455140,455140,455140,455140,455140,455140,455140,455140,455140,455140,455140,455140,455140
"MJEPIRAC",D,1,1,1,1,1,1,1,1,1,2,2,3,3,4,5,5,5,5,4,3,2,2,1,1
"MJEPIRAC",P,0,0,0,0,0,0,0,0,0,0,0,0,0,0,0,0,0,0,0,0,0,0,0,0
"MMONTAÑITAS",D,20,20,20,20,20,20,20,20,20,20,20,20,20,20,20,20,20,20,20,20,20,20,20,20
"MMONTAÑITAS",P,0,0,0,0,0,0,0,0,0,0,0,0,0,0,0,0,0,0,0,0,0,0,0,0
"MMORRO1",D,20,20,20,20,20,20,20,20,20,20,20,20,20,20,20,20,20,20,20,20,20,20,20,20
"MMORRO1",P,0,0,0,0,0,0,0,0,0,0,0,0,0,0,0,0,0,0,0,0,0,0,0,0
"MMORRO2",D,19,19,19,19,19,19,19,19,19,19,19,19,19,19,19,19,19,19,19,19,19,19,19,19
"MMORRO2",P,0,0,0,0,0,0,0,0,0,0,0,0,0,0,0,0,0,0,0,0,0,0,0,0
"MNLIBARE",D,1,1,1,1,1,1,1,1,1,1,1,1,1,1,1,1,1,1,1,1,1,1,1,1
"MNLIBARE",P,0,0,0,0,0,0,0,0,0,0,0,0,0,0,0,0,0,0,0,0,0,0,0,0
"MNORDE1",D,10,10,10,10,10,10,10,10,10,10,10,10,10,10,10,10,10,10,10,10,10,10,10,10
"MNORDE1",P,0,0,0,0,0,0,0,0,0,0,0,0,0,0,0,0,0,0,0,0,0,0,0,0
"MPRADO4",D,5,5,5,5,5,5,5,5,5,5,5,5,5,5,5,5,5,5,5,5,5,5,5,5
"MPRADO4",P,0,0,0,0,0,0,0,0,0,0,0,0,0,0,0,0,0,0,0,0,0,0,0,0
"MRIOMAYO",D,0,0,0,7,7,7,7,13,13,20,20,20,0,0,0,0,0,7,20,20,20,20,7,7
"MRIOMAYO",P,0,0,0,0,0,0,0,0,0,0,0,0,0,0,0,0,0,0,0,0,0,0,0,0
"MSANTANA",D,5,5,5,5,5,5,5,5,5,5,5,5,5,5,5,5,5,5,5,5,5,5,5,5
"MSANTANA",P,0,0,0,0,0,0,0,0,0,0,0,0,0,0,0,0,0,0,0,0,0,0,0,0
"MSANTARITA",D,1,1,1,1,1,1,1,1,1,1,1,1,1,1,1,1,1,1,1,1,1,1,1,1
"MSANTARITA",P,0,0,0,0,0,0,0,0,0,0,0,0,0,0,0,0,0,0,0,0,0,0,0,0
"MSANTIAGO",D,1,1,1,1,1,1,1,1,1,1,1,1,1,1,1,1,1,1,1,1,1,1,1,1
"MSANTIAGO",P,0,0,0,0,0,0,0,0,0,0,0,0,0,0,0,0,0,0,0,0,0,0,0,0
"MTOLIMA1",D,4,4,4,4,4,4,4,4,4,4,4,4,4,4,4,4,4,4,4,4,4,4,4,4
"MTOLIMA1",P,0,0,0,0,0,0,0,0,0,0,0,0,0,0,0,0,0,0,0,0,0,0,0,0
"MTULUA",D,7,7,7,7,7,7,7,7,7,7,7,7,7,7,7,7,7,7,7,7,7,7,7,7
"MTULUA",P,0,0,0,0,0,0,0,0,0,0,0,0,0,0,0,0,0,0,0,0,0,0,0,0
"MVALLEC1",D,7,7,7,7,7,7,7,7,7,7,7,7,7,7,7,7,7,7,7,7,7,7,7,7
"MVALLEC1",P,0,0,0,0,0,0,0,0,0,0,0,0,0,0,0,0,0,0,0,0,0,0,0,0
"MYOPAL1",D,0,0,0,0,0,0,0,0,0,0,0,0,0,0,0,0,0,0,0,0,0,0,0,0
"MYOPAL1",P,0,0,0,0,0,0,0,0,0,0,0,0,0,0,0,0,0,0,0,0,0,0,0,0
"M_AMAIME",D,19,19,19,19,19,19,19,19,19,19,19,19,19,19,19,19,19,19,19,19,19,19,19,19
"M_AMAIME",P,0,0,0,0,0,0,0,0,0,0,0,0,0,0,0,0,0,0,0,0,0,0,0,0
"M_PROVIDEN",D,8,8,8,9,8,9,9,9,9,9,8,8,8,8,9,9,9,9,9,9,9,9,9,8
"M_PROVIDEN",P,0,0,0,0,0,0,0,0,0,0,0,0,0,0,0,0,0,0,0,0,0,0,0,0
"PAGUA",D,400,400,400,400,400,400,400,400,400,400,400,400,400,400,400,400,400,400,400,400,400,400,400,400
"PAGUA",P,33951,33951,33951,33951,33951,33951,33951,33951,33951,33951,33951,33951,33951,33951,33951,33951,33951,33951,33951,33951,33951,33951,33951,33951
"PAIPA1",D,31,31,31,31,31,31,31,31,31,31,31,31,31,31,31,31,31,31,31,31,31,31,31,31
"PAIPA1",P,119000,119000,119000,119000,119000,119000,119000,119000,119000,119000,119000,119000,119000,119000,119000,119000,119000,119000,119000,119000,119000,119000,119000,119000
"PAIPA2",D,57,57,57,57,57,57,57,57,57,57,57,57,57,57,57,57,57,57,57,57,57,57,57,57
"PAIPA2",P,121000,121000,121000,121000,121000,121000,121000,121000,121000,121000,121000,121000,121000,121000,121000,121000,121000,121000,121000,121000,121000,121000,121000,121000
"PAIPA3",D,70,70,70,70,70,70,70,70,70,70,70,70,70,70,70,70,70,70,70,70,70,70,70,70
"PAIPA3",P,120000,120000,120000,120000,120000,120000,120000,120000,120000,120000,120000,120000,120000,120000,120000,120000,120000,120000,120000,120000,120000,120000,120000,120000
"PAIPA4",D,0,0,0,0,0,0,0,0,0,0,0,0,0,0,0,0,0,0,0,0,0,0,0,0
"PAIPA4",P,91000,91000,91000,91000,91000,91000,91000,91000,91000,91000,91000,91000,91000,91000,91000,91000,91000,91000,91000,91000,91000,91000,91000,91000
"PALENQ3",D,0,0,0,0,0,0,0,0,0,0,0,0,0,0,0,0,0,0,0,0,0,0,0,0
"PALENQ3",P,897583,897583,897583,897583,897583,897583,897583,897583,897583,897583,897583,897583,897583,897583,897583,897583,897583,897583,897583,897583,897583,897583,897583,897583
"PLAYAS",D,134,134,134,134,134,134,134,134,134,134,134,134,134,134,134,134,134,134,134,134,134,134,134,134
"PLAYAS",P,33951,33951,33951,33951,33951,33951,33951,33951,33951,33951,33951,33951,33951,33951,33951,33951,33951,33951,33951,33951,33951,33951,33951,33951
"PORCE2",D,405,405,405,405,405,405,405,405,405,405,405,405,405,405,405,405,405,405,405,405,405,405,405,405
"PORCE2",P,167000,167000,167000,167000,167000,167000,167000,167000,167000,167000,167000,167000,167000,167000,167000,167000,167000,167000,167000,167000,167000,167000,167000,167000
"PORCE3",D,660,660,660,660,660,660,660,660,660,660,660,660,660,660,660,660,660,660,660,660,660,660,660,660
"PORCE3",P,139000,139000,139000,139000,139000,139000,139000,139000,139000,139000,139000,139000,139000,139000,139000,139000,139000,139000,139000,139000,139000,139000,139000,139000
"PRADO",D,46,46,46,46,46,46,46,46,46,46,46,46,46,46,46,46,46,46,46,46,46,46,46,46
"PRADO",P,300000,300000,300000,300000,300000,300000,300000,300000,300000,300000,300000,300000,300000,300000,300000,300000,300000,300000,300000,300000,300000,300000,300000,300000
"PROELEC1",D,45,45,45,45,45,45,45,45,45,45,45,45,45,45,45,45,45,45,45,45,45,45,45,45
"PROELEC1",P,254349,254349,254349,254349,254349,254349,254349,254349,254349,254349,254349,254349,254349,254349,254349,254349,254349,254349,254349,254349,254349,254349,254349,254349
"PROELEC2",D,0,0,0,0,0,0,0,0,0,0,0,0,0,0,0,0,0,0,0,0,0,0,0,0
"PROELEC2",P,254349,254349,254349,254349,254349,254349,254349,254349,254349,254349,254349,254349,254349,254349,254349,254349,254349,254349,254349,254349,254349,254349,254349,254349
"RPIEDRAS",D,20,20,20,20,20,20,20,20,20,20,20,20,20,20,20,20,20,20,20,20,20,20,20,20
"RPIEDRAS",P,0,0,0,0,0,0,0,0,0,0,0,0,0,0,0,0,0,0,0,0,0,0,0,0
"SALVAJINA",D,154,154,154,154,154,154,154,154,154,154,154,154,154,154,154,154,154,154,154,154,154,154,154,154
"SALVAJINA",P,1204900,1204900,1204900,1204900,1204900,1204900,1204900,1204900,1204900,1204900,1204900,1204900,1204900,1204900,1204900,1204900,1204900,1204900,1204900,1204900,1204900,1204900,1204900,1204900
"SANCARLOS",D,1240,1240,1240,1240,1240,1240,1240,1085,1085,1085,1085,1085,1085,1085,1085,1085,1085,1085,1085,1085,1085,1085,1085,1085
"SANCARLOS",P,119900,119900,119900,119900,119900,119900,119900,119900,119900,119900,119900,119900,119900,119900,119900,119900,119900,119900,119900,119900,119900,119900,119900,119900
"SANFRANCISCO",D,0,0,0,0,0,0,0,0,0,90,90,90,90,45,0,0,90,90,90,90,90,0,0,0
"SANFRANCISCO",P,0,0,0,0,0,0,0,0,0,0,0,0,0,0,0,0,0,0,0,0,0,0,0,0
"TASAJER1",D,155,155,155,155,155,155,155,155,155,155,155,155,155,155,155,155,155,155,155,155,155,155,155,155
"TASAJER1",P,152380,152380,152380,152380,152380,152380,152380,152380,152380,152380,152380,152380,152380,152380,152380,152380,152380,152380,152380,152380,152380,152380,152380,152380
"TCANDEL1",D,157,157,157,157,157,157,157,157,157,157,157,157,157,157,157,157,157,157,157,157,157,157,157,157
"TCANDEL1",P,1359407,1359407,1359407,1359407,1359407,1359407,1359407,1359407,1359407,1359407,1359407,1359407,1359407,1359407,1359407,1359407,1359407,1359407,1359407,1359407,1359407,1359407,1359407,1359407
"TCANDEL2",D,155,155,155,155,155,155,155,155,155,155,155,155,155,155,155,155,155,155,155,155,155,155,155,155
"TCANDEL2",P,1409283,1409283,1409283,1409283,1409283,1409283,1409283,1409283,1409283,1409283,1409283,1409283,1409283,1409283,1409283,1409283,1409283,1409283,1409283,1409283,1409283,1409283,1409283,1409283
"TCENTRO1",D,138,138,138,138,138,138,138,138,138,138,138,138,138,138,138,138,138,138,138,138,138,138,138,138
"TCENTRO1",P,97774,97774,97774,97774,97774,97774,97774,97774,97774,97774,97774,97774,97774,97774,97774,97774,97774,97774,97774,97774,97774,97774,97774,97774
"TEBSA",D,642,642,642,642,642,642,642,642,642,642,632,632,632,632,632,632,632,642,642,642,642,642,642,642
"TEBSA",P,178687,178687,178687,178687,178687,178687,178687,178687,178687,178687,178687,178687,178687,178687,178687,178687,178687,178687,178687,178687,178687,178687,178687,178687
"TEMCALI",D,213,213,213,213,213,213,213,213,213,213,213,213,213,213,213,213,213,213,213,213,213,213,213,213
"TEMCALI",P,725000,725000,725000,725000,725000,725000,725000,725000,725000,725000,725000,725000,725000,725000,725000,725000,725000,725000,725000,725000,725000,725000,725000,725000
"TPIEDRAS",D,0,0,0,0,0,0,0,0,0,0,0,0,0,0,0,0,0,0,0,0,0,0,0,0
"TPIEDRAS",P,0,0,0,0,0,0,0,0,0,0,0,0,0,0,0,0,0,0,0,0,0,0,0,0
"TSIERRA",D,145,145,145,145,145,145,145,145,145,145,140,140,140,135,135,135,135,135,135,135,140,140,140,140
"TSIERRA",P,110000,110000,110000,110000,110000,110000,110000,110000,110000,110000,110000,110000,110000,110000,110000,110000,110000,110000,110000,110000,110000,110000,110000,110000
"TVALLE",D,205,205,205,205,205,205,205,205,205,205,205,205,205,205,205,205,205,205,205,205,205,205,205,205
"TVALLE",P,204000,204000,204000,204000,204000,204000,204000,204000,204000,204000,204000,204000,204000,204000,204000,204000,204000,204000,204000,204000,204000,204000,204000,204000
"TYOPAL2",D,30,30,30,30,30,30,30,30,30,29,29,28,28,28,28,28,29,29,30,30,30,30,30,30
"TYOPAL2",P,50000,50000,50000,50000,50000,50000,50000,50000,50000,50000,50000,50000,50000,50000,50000,50000,50000,50000,50000,50000,50000,50000,50000,50000
"URRA",D,249,249,249,249,249,249,249,249,332,332,332,332,332,332,332,332,332,332,332,332,332,332,332,332
"URRA",P,350000,350000,350000,350000,350000,350000,350000,350000,350000,350000,350000,350000,350000,350000,350000,350000,350000,350000,350000,350000,350000,350000,350000,350000
"VENEZUE1",D,0,0,0,0,0,0,0,0,0,0,0,0,0,0,0,0,0,0,0,0,0,0,0,0
"VENEZUE1",P,255629,255629,255629,255629,255629,255629,255629,255629,255629,255629,255629,255629,255629,255629,255629,255629,255629,255629,291116,291116,291116,255629,255629,255629
"ZIPAEMG2",D,34,34,34,34,34,34,34,34,34,34,34,34,34,34,34,34,34,34,34,34,34,34,34,34
"ZIPAEMG2",P,127500,127500,127500,127500,127500,127500,127500,127500,127500,127500,127500,127500,127500,127500,127500,127500,127500,127500,127500,127500,127500,127500,127500,127500
"ZIPAEMG3",D,63,63,63,63,63,63,63,63,63,63,63,63,63,63,63,63,63,63,63,63,63,63,63,63
"ZIPAEMG3",P,126100,126100,126100,126100,126100,126100,126100,126100,126100,126100,126100,126100,126100,126100,126100,126100,126100,126100,126100,126100,126100,126100,126100,126100
"ZIPAEMG4",D,64,64,64,64,64,64,64,64,64,64,64,64,64,64,64,64,64,64,64,64,64,64,64,64
"ZIPAEMG4",P,123400,123400,123400,123400,123400,123400,123400,123400,123400,123400,123400,123400,123400,123400,123400,123400,123400,123400,123400,123400,123400,123400,123400,123400
"ZIPAEMG5",D,55,55,55,55,55,55,55,55,55,55,55,55,55,55,55,55,55,55,55,55,55,55,55,55
"ZIPAEMG5",P,129000,129000,129000,129000,129000,129000,129000,129000,129000,129000,129000,129000,129000,129000,129000,129000,129000,129000,129000,129000,129000,129000,129000,129000
