"ALBAN",D,409,409,409,409,409,409,409,409,409,409,409,409,409,409,409,409,409,409,409,409,409,409,409,409
"ALBAN",P,155999,155999,155999,155999,155999,155999,155999,155999,155999,155999,155999,155999,155999,155999,155999,155999,155999,155999,155999,155999,155999,155999,155999,155999
"BARRANQ3",D,60,60,60,60,60,60,60,60,60,60,60,60,60,60,60,60,60,60,60,60,60,60,60,60
"BARRANQ3",P,740208,740208,740208,740208,740208,740208,740208,740208,740208,740208,740208,740208,740208,740208,740208,740208,740208,740208,740208,740208,740208,740208,740208,740208
"BARRANQ4",D,60,60,60,60,60,60,60,60,60,60,60,60,60,60,60,60,60,60,60,60,60,60,60,60
"BARRANQ4",P,741348,741348,741348,741348,741348,741348,741348,741348,741348,741348,741348,741348,741348,741348,741348,741348,741348,741348,741348,741348,741348,741348,741348,741348
"BETANIA",D,528,528,528,528,528,528,528,528,528,528,528,528,528,528,528,528,528,528,528,528,528,528,528,528
"BETANIA",P,200000,200000,200000,200000,200000,200000,200000,200000,200000,200000,200000,200000,200000,200000,200000,200000,200000,200000,200000,200000,200000,200000,200000,200000
"CALIMA1",D,99,99,99,99,99,99,99,99,99,99,99,99,99,99,99,99,99,99,99,99,99,99,99,99
"CALIMA1",P,450000,450000,450000,450000,450000,450000,450000,450000,450000,450000,450000,450000,450000,450000,450000,450000,450000,450000,450000,450000,450000,450000,450000,450000
"CHIVOR",D,875,875,875,875,875,875,875,875,875,875,875,875,875,875,875,875,875,875,875,875,875,875,875,875
"CHIVOR",P,220000,220000,220000,220000,220000,220000,220000,220000,220000,220000,220000,220000,220000,220000,220000,220000,220000,220000,220000,220000,220000,220000,220000,220000
"COINCAUCA",D,2,2,3,3,2,2,3,3,3,3,3,2,2,3,2,2,3,2,2,3,2,2,2,2
"COINCAUCA",P,0,0,0,0,0,0,0,0,0,0,0,0,0,0,0,0,0,0,0,0,0,0,0,0
"COROZO1",D,0,0,0,0,0,0,0,0,0,0,0,0,0,0,0,0,0,0,0,0,0,0,0,0
"COROZO1",P,420000,420000,420000,420000,420000,420000,420000,420000,420000,420000,420000,420000,420000,420000,420000,420000,420000,420000,420000,420000,420000,420000,420000,420000
"CSANCARLOS",D,0,0,0,0,0,0,0,0,0,0,0,0,0,0,0,0,0,0,0,0,0,0,0,0
"CSANCARLOS",P,0,0,0,0,0,0,0,0,0,0,0,0,0,0,0,0,0,0,0,0,0,0,0,0
"CTGEMG1",D,61,61,61,61,61,61,61,61,61,61,61,61,61,61,61,61,61,61,61,61,61,61,61,61
"CTGEMG1",P,810000,810000,810000,810000,810000,810000,810000,810000,810000,810000,810000,810000,810000,810000,810000,810000,810000,810000,810000,810000,810000,810000,810000,810000
"CTGEMG2",D,60,60,60,60,60,60,60,60,60,60,60,60,60,60,60,60,60,60,60,60,60,60,60,60
"CTGEMG2",P,840000,840000,840000,840000,840000,840000,840000,840000,840000,840000,840000,840000,840000,840000,840000,840000,840000,840000,840000,840000,840000,840000,840000,840000
"CTGEMG3",D,66,66,66,66,66,66,66,66,66,66,66,66,66,66,66,66,66,66,66,66,66,66,66,66
"CTGEMG3",P,780000,780000,780000,780000,780000,780000,780000,780000,780000,780000,780000,780000,780000,780000,780000,780000,780000,780000,780000,780000,780000,780000,780000,780000
"CVALLEC1",D,0,0,0,0,0,0,0,0,0,0,0,0,0,0,0,0,0,0,0,0,0,0,0,0
"CVALLEC1",P,0,0,0,0,0,0,0,0,0,0,0,0,0,0,0,0,0,0,0,0,0,0,0,0
"DORADA1",D,46,46,46,46,46,46,46,46,46,46,46,46,46,46,46,46,46,46,46,46,46,46,46,46
"DORADA1",P,583286,583286,583286,583286,583286,583286,583286,583286,583286,583286,583286,583286,583286,583286,583286,583286,583286,583286,583286,583286,583286,583286,583286,583286
"ECUADOR11",D,0,0,0,0,0,0,0,0,0,0,0,0,0,0,0,0,0,0,0,0,0,0,0,0
"ECUADOR11",P,207400,204492,199876,199882,204172,212135,211253,240638,243715,243700,243372,247940,247898,248106,248146,248131,248262,248120,254924,251878,251858,242509,214530,211658
"ECUADOR12",D,0,0,0,0,0,0,0,0,0,0,0,0,0,0,0,0,0,0,0,0,0,0,0,0
"ECUADOR12",P,0,0,0,0,0,0,0,0,0,0,0,0,0,0,0,0,0,0,0,0,0,0,0,0
"ECUADOR13",D,0,0,0,0,0,0,0,0,0,0,0,0,0,0,0,0,0,0,0,0,0,0,0,0
"ECUADOR13",P,0,0,0,0,0,0,0,0,0,0,0,0,0,0,0,0,0,0,0,0,0,0,0,0
"ECUADOR14",D,0,0,0,0,0,0,0,0,0,0,0,0,0,0,0,0,0,0,0,0,0,0,0,0
"ECUADOR14",P,0,0,0,0,0,0,0,0,0,0,0,0,0,0,0,0,0,0,0,0,0,0,0,0
"ECUADOR21",D,0,0,0,0,0,0,0,0,0,0,0,0,0,0,0,0,0,0,0,0,0,0,0,0
"ECUADOR21",P,207400,204492,199876,199882,204172,212135,211253,240638,243715,243700,243372,247940,247898,248106,248146,248131,248262,248120,254924,251878,251858,242509,214530,211658
"ECUADOR22",D,0,0,0,0,0,0,0,0,0,0,0,0,0,0,0,0,0,0,0,0,0,0,0,0
"ECUADOR22",P,116396,101574,101666,101682,101600,116034,115661,102922,113994,117135,126757,126736,126728,124955,124766,113697,113731,138765,166548,159470,157953,141809,111020,104182
"ECUADOR23",D,0,0,0,0,0,0,0,0,0,0,0,0,0,0,0,0,0,0,0,0,0,0,0,0
"ECUADOR23",P,122884,137876,137914,137953,137609,112715,106481,134686,156667,156815,163254,163312,163565,163449,193081,163572,156814,157367,250548,235095,206962,163939,117107,113777
"ECUADOR24",D,0,0,0,0,0,0,0,0,0,0,0,0,0,0,0,0,0,0,0,0,0,0,0,0
"ECUADOR24",P,0,0,0,0,0,0,0,0,0,0,0,0,0,0,0,0,0,0,0,0,0,0,0,0
"ESMERALDA",D,26,26,26,26,26,26,26,26,26,26,26,26,26,26,26,26,26,26,26,26,26,26,26,26
"ESMERALDA",P,0,0,0,0,0,0,0,0,0,0,0,0,0,0,0,0,0,0,0,0,0,0,0,0
"FLORES IV",D,450,450,450,450,450,450,450,450,450,450,450,450,450,450,450,450,450,450,450,450,450,450,450,450
"FLORES IV",P,157558,157558,157558,157558,157558,157558,157558,157558,157558,157558,157558,157558,157558,157558,157558,157558,157558,157558,157558,157558,157558,157558,157558,157558
"FLORES1",D,160,160,160,160,160,160,160,160,160,160,160,160,160,160,160,160,160,160,160,160,160,160,160,160
"FLORES1",P,249145,249145,249145,249145,249145,249145,249145,249145,249145,249145,249145,249145,249145,249145,249145,249145,249145,249145,249145,249145,249145,249145,249145,249145
"FLORIDA2",D,8,8,8,8,8,8,8,8,8,8,8,8,8,8,8,8,8,8,8,8,8,8,8,8
"FLORIDA2",P,0,0,0,0,0,0,0,0,0,0,0,0,0,0,0,0,0,0,0,0,0,0,0,0
"GUAJIR11",D,145,145,145,145,145,145,145,145,145,145,145,145,145,145,145,145,145,145,145,145,145,145,145,145
"GUAJIR11",P,151423,151423,151423,151423,151423,151423,151423,151423,151423,151423,151423,151423,151423,151423,151423,151423,151423,151423,151423,151423,151423,151423,151423,151423
"GUAJIR21",D,145,145,145,145,145,145,145,145,145,145,145,145,145,145,145,145,145,145,145,145,145,145,145,145
"GUAJIR21",P,152606,152606,152606,152606,152606,152606,152606,152606,152606,152606,152606,152606,152606,152606,152606,152606,152606,152606,152606,152606,152606,152606,152606,152606
"GUATAPE",D,560,560,560,560,560,560,560,490,490,490,490,490,560,560,560,560,560,560,560,560,560,560,560,560
"GUATAPE",P,37268,37268,37268,37268,37268,37268,37268,37268,37268,37268,37268,37268,37268,37268,37268,37268,37268,37268,37268,37268,37268,37268,37268,37268
"GUATRON",D,512,512,512,512,512,512,512,512,512,512,512,512,512,512,512,512,512,512,512,512,512,512,512,512
"GUATRON",P,115000,115000,115000,115000,115000,115000,115000,115000,115000,115000,115000,115000,115000,115000,115000,115000,115000,115000,115000,115000,115000,115000,115000,115000
"GUAVIO",D,920,920,920,920,920,920,920,920,920,920,920,920,920,920,920,920,920,1150,1150,1150,1150,1150,1150,1150
"GUAVIO",P,41000,41000,41000,41000,41000,41000,41000,41000,41000,41000,41000,41000,41000,41000,41000,41000,41000,41000,41000,41000,41000,41000,41000,41000
"INSULA",D,10,10,10,10,10,10,10,10,10,10,10,10,10,10,10,10,10,10,10,10,10,10,10,10
"INSULA",P,0,0,0,0,0,0,0,0,0,0,0,0,0,0,0,0,0,0,0,0,0,0,0,0
"JAGUAS",D,170,170,170,170,170,170,170,170,170,170,170,170,170,170,170,170,170,170,170,170,170,170,170,170
"JAGUAS",P,193500,193500,193500,193500,193500,193500,193500,193500,193500,193500,193500,193500,193500,193500,193500,193500,193500,193500,193500,193500,193500,193500,193500,193500
"LATASAJERA",D,306,306,306,306,306,306,306,204,204,204,204,204,306,306,306,306,306,306,306,306,306,306,306,306
"LATASAJERA",P,180000,180000,180000,180000,180000,180000,180000,180000,180000,180000,180000,180000,180000,180000,180000,180000,180000,180000,180000,180000,180000,180000,180000,180000
"MAGUAFRE",D,7,7,7,7,7,7,7,7,7,7,7,7,7,7,7,7,7,7,7,7,7,7,7,7
"MAGUAFRE",P,0,0,0,0,0,0,0,0,0,0,0,0,0,0,0,0,0,0,0,0,0,0,0,0
"MALTOTULUA1",D,0,0,0,0,0,0,0,0,0,0,0,0,0,0,0,0,0,0,0,0,0,0,0,0
"MALTOTULUA1",P,0,0,0,0,0,0,0,0,0,0,0,0,0,0,0,0,0,0,0,0,0,0,0,0
"MANTIOQ1",D,60,60,60,60,60,60,60,60,60,60,60,60,60,60,60,60,60,60,60,60,60,60,60,60
"MANTIOQ1",P,0,0,0,0,0,0,0,0,0,0,0,0,0,0,0,0,0,0,0,0,0,0,0,0
"MBARROSO1",D,20,20,20,20,20,20,20,20,20,20,20,20,20,20,20,20,20,20,20,20,20,20,20,20
"MBARROSO1",P,0,0,0,0,0,0,0,0,0,0,0,0,0,0,0,0,0,0,0,0,0,0,0,0
"MBELMONTE",D,0,0,0,0,0,0,0,0,0,0,0,0,0,0,0,0,0,0,0,0,0,0,0,0
"MBELMONTE",P,0,0,0,0,0,0,0,0,0,0,0,0,0,0,0,0,0,0,0,0,0,0,0,0
"MBOGOTA1",D,68,68,68,68,68,68,68,68,68,68,68,68,68,68,68,68,68,68,68,68,68,68,68,68
"MBOGOTA1",P,0,0,0,0,0,0,0,0,0,0,0,0,0,0,0,0,0,0,0,0,0,0,0,0
"MCALDERAS",D,0,0,0,0,0,0,0,10,10,10,10,20,10,0,10,10,10,10,20,20,10,10,10,0
"MCALDERAS",P,0,0,0,0,0,0,0,0,0,0,0,0,0,0,0,0,0,0,0,0,0,0,0,0
"MCARUQUIA",D,10,10,10,10,10,10,10,10,10,10,10,10,10,10,10,10,10,10,10,10,10,10,10,10
"MCARUQUIA",P,0,0,0,0,0,0,0,0,0,0,0,0,0,0,0,0,0,0,0,0,0,0,0,0
"MCASCADA1",D,2,2,2,2,2,2,2,2,2,2,2,2,2,2,2,2,2,2,2,2,2,2,2,2
"MCASCADA1",P,0,0,0,0,0,0,0,0,0,0,0,0,0,0,0,0,0,0,0,0,0,0,0,0
"MCAUCAN1",D,4,4,4,4,4,4,4,4,4,4,4,4,4,4,4,4,4,4,4,4,4,4,4,4
"MCAUCAN1",P,0,0,0,0,0,0,0,0,0,0,0,0,0,0,0,0,0,0,0,0,0,0,0,0
"MCAUCAN2",D,4,4,4,4,4,4,4,4,4,4,4,4,4,4,4,4,4,4,4,4,4,4,4,4
"MCAUCAN2",P,0,0,0,0,0,0,0,0,0,0,0,0,0,0,0,0,0,0,0,0,0,0,0,0
"MCIMARR1",D,20,20,20,20,20,20,20,20,20,20,20,20,20,20,20,20,20,20,20,20,20,20,20,20
"MCIMARR1",P,0,0,0,0,0,0,0,0,0,0,0,0,0,0,0,0,0,0,0,0,0,0,0,0
"MCQR1",D,4,4,4,4,4,4,4,4,4,4,4,4,4,4,4,4,4,4,4,4,4,4,4,4
"MCQR1",P,0,0,0,0,0,0,0,0,0,0,0,0,0,0,0,0,0,0,0,0,0,0,0,0
"MCUNDINAMARCA",D,0,0,0,0,0,0,0,0,0,0,0,0,0,0,0,0,0,0,0,0,0,0,0,0
"MCUNDINAMARCA",P,0,0,0,0,0,0,0,0,0,0,0,0,0,0,0,0,0,0,0,0,0,0,0,0
"MCURRUCU",D,1,1,1,1,1,1,1,1,1,1,1,1,1,1,1,1,1,1,1,1,1,1,1,1
"MCURRUCU",P,0,0,0,0,0,0,0,0,0,0,0,0,0,0,0,0,0,0,0,0,0,0,0,0
"MELBOSQUE",D,2,2,2,2,2,2,2,2,2,2,2,2,2,2,2,2,2,2,2,2,2,2,2,2
"MELBOSQUE",P,0,0,0,0,0,0,0,0,0,0,0,0,0,0,0,0,0,0,0,0,0,0,0,0
"MEMCALI",D,0,0,0,0,0,0,0,0,0,0,0,0,0,0,0,0,0,0,0,0,0,0,0,0
"MEMCALI",P,0,0,0,0,0,0,0,0,0,0,0,0,0,0,0,0,0,0,0,0,0,0,0,0
"MERILEC1",D,167,167,167,167,167,167,167,167,167,167,167,167,167,167,167,167,167,167,167,167,167,167,167,167
"MERILEC1",P,449829,449829,449829,449829,449829,449829,449829,449829,449829,449829,449829,449829,449829,449829,449829,449829,449829,449829,449829,449829,449829,449829,449829,449829
"MGUANAQUITA",D,10,10,10,10,10,10,10,10,10,10,10,10,10,10,10,10,10,10,10,10,10,10,10,10
"MGUANAQUITA",P,0,0,0,0,0,0,0,0,0,0,0,0,0,0,0,0,0,0,0,0,0,0,0,0
"MHUILAQ1",D,3,3,3,3,3,3,3,3,3,3,3,3,3,3,3,3,3,3,3,3,3,3,3,3
"MHUILAQ1",P,0,0,0,0,0,0,0,0,0,0,0,0,0,0,0,0,0,0,0,0,0,0,0,0
"MIEL1",D,384,384,384,384,384,384,384,384,384,384,384,384,384,384,384,384,384,384,384,384,384,384,384,384
"MIEL1",P,37267,37267,37267,37267,37267,37267,37267,37267,37267,37267,37267,37267,37267,37267,37267,37267,37267,37267,37267,37267,37267,37267,37267,37267
"MJEPIRAC",D,1,1,1,1,1,1,1,1,1,2,2,3,3,4,5,5,5,5,4,3,2,2,1,1
"MJEPIRAC",P,0,0,0,0,0,0,0,0,0,0,0,0,0,0,0,0,0,0,0,0,0,0,0,0
"MMONTAÑITAS",D,20,20,20,20,20,20,20,20,20,20,20,20,20,20,20,20,20,20,20,20,20,20,20,20
"MMONTAÑITAS",P,0,0,0,0,0,0,0,0,0,0,0,0,0,0,0,0,0,0,0,0,0,0,0,0
"MMORRO1",D,20,20,20,20,20,20,20,20,20,20,20,20,20,20,20,20,20,20,20,20,20,20,20,20
"MMORRO1",P,0,0,0,0,0,0,0,0,0,0,0,0,0,0,0,0,0,0,0,0,0,0,0,0
"MMORRO2",D,19,19,19,19,19,19,19,19,19,19,19,19,19,19,19,19,19,19,19,19,19,19,19,19
"MMORRO2",P,0,0,0,0,0,0,0,0,0,0,0,0,0,0,0,0,0,0,0,0,0,0,0,0
"MNLIBARE",D,2,2,2,2,2,2,2,2,2,2,2,2,2,2,2,2,2,2,2,2,2,2,2,2
"MNLIBARE",P,0,0,0,0,0,0,0,0,0,0,0,0,0,0,0,0,0,0,0,0,0,0,0,0
"MNORDE1",D,5,5,5,5,5,5,5,5,5,5,5,5,5,5,5,5,5,5,5,5,5,5,5,5
"MNORDE1",P,0,0,0,0,0,0,0,0,0,0,0,0,0,0,0,0,0,0,0,0,0,0,0,0
"MPRADO4",D,5,5,5,5,5,5,5,5,5,5,5,5,5,5,5,5,5,5,5,5,5,5,5,5
"MPRADO4",P,0,0,0,0,0,0,0,0,0,0,0,0,0,0,0,0,0,0,0,0,0,0,0,0
"MRIOMAYO",D,0,0,0,0,7,7,7,20,20,20,20,20,0,0,0,0,20,20,20,20,20,20,7,7
"MRIOMAYO",P,0,0,0,0,0,0,0,0,0,0,0,0,0,0,0,0,0,0,0,0,0,0,0,0
"MSANFRANCISC",D,0,0,0,0,0,0,0,0,0,0,0,0,0,0,0,0,0,0,0,0,0,0,0,0
"MSANFRANCISC",P,0,0,0,0,0,0,0,0,0,0,0,0,0,0,0,0,0,0,0,0,0,0,0,0
"MSANTANA",D,5,5,5,5,5,5,5,5,5,5,5,5,5,5,5,5,5,5,5,5,5,5,5,5
"MSANTANA",P,0,0,0,0,0,0,0,0,0,0,0,0,0,0,0,0,0,0,0,0,0,0,0,0
"MSANTARITA",D,1,1,1,1,1,1,1,1,1,1,1,1,1,1,1,1,1,1,1,1,1,1,1,1
"MSANTARITA",P,0,0,0,0,0,0,0,0,0,0,0,0,0,0,0,0,0,0,0,0,0,0,0,0
"MSANTIAGO",D,1,1,1,1,1,1,1,1,1,1,1,1,1,1,1,1,1,1,1,1,1,1,1,1
"MSANTIAGO",P,0,0,0,0,0,0,0,0,0,0,0,0,0,0,0,0,0,0,0,0,0,0,0,0
"MTOLIMA1",D,4,4,4,4,4,4,4,4,4,4,4,4,4,4,4,4,4,4,4,4,4,4,4,4
"MTOLIMA1",P,0,0,0,0,0,0,0,0,0,0,0,0,0,0,0,0,0,0,0,0,0,0,0,0
"MTULUA",D,7,7,7,7,7,7,7,7,7,7,7,7,7,7,7,7,7,7,7,7,7,7,7,7
"MTULUA",P,0,0,0,0,0,0,0,0,0,0,0,0,0,0,0,0,0,0,0,0,0,0,0,0
"MVALLEC1",D,7,7,7,7,7,7,7,7,7,7,7,7,7,7,7,7,7,7,7,7,7,7,7,7
"MVALLEC1",P,0,0,0,0,0,0,0,0,0,0,0,0,0,0,0,0,0,0,0,0,0,0,0,0
"MYOPAL1",D,15,15,15,15,15,15,15,15,15,15,15,15,15,15,15,15,15,15,15,15,15,15,15,15
"MYOPAL1",P,0,0,0,0,0,0,0,0,0,0,0,0,0,0,0,0,0,0,0,0,0,0,0,0
"M_AMAIME",D,19,19,19,19,19,19,19,19,19,19,19,19,19,19,19,19,19,19,19,19,19,19,19,19
"M_AMAIME",P,0,0,0,0,0,0,0,0,0,0,0,0,0,0,0,0,0,0,0,0,0,0,0,0
"M_PROVIDEN",D,8,8,8,9,8,9,9,9,9,9,8,8,8,8,9,9,9,9,9,9,9,9,9,8
"M_PROVIDEN",P,0,0,0,0,0,0,0,0,0,0,0,0,0,0,0,0,0,0,0,0,0,0,0,0
"PAGUA",D,600,600,600,600,600,600,600,600,600,600,600,600,600,600,600,600,600,600,600,600,600,600,600,600
"PAGUA",P,146750,146750,146750,146750,146750,146750,146750,146750,146750,146750,146750,146750,146750,146750,146750,146750,146750,146750,146750,146750,146750,146750,146750,146750
"PAIPA1",D,0,0,0,0,0,0,0,0,0,0,0,7,18,25,25,25,25,25,25,25,25,25,25,25
"PAIPA1",P,51000,51000,51000,51000,51000,51000,51000,51000,51000,51000,51000,51000,51000,51000,51000,51000,51000,51000,51000,51000,51000,51000,51000,51000
"PAIPA2",D,57,57,57,57,57,57,57,57,57,57,57,57,57,57,57,57,57,57,57,57,57,57,57,57
"PAIPA2",P,122000,122000,122000,122000,122000,122000,122000,122000,122000,122000,122000,122000,122000,122000,122000,122000,122000,122000,122000,122000,122000,122000,122000,122000
"PAIPA3",D,70,70,70,70,70,70,70,70,70,70,70,70,70,70,70,70,70,70,70,70,70,70,70,70
"PAIPA3",P,121000,121000,121000,121000,121000,121000,121000,121000,121000,121000,121000,121000,121000,121000,121000,121000,121000,121000,121000,121000,121000,121000,121000,121000
"PAIPA4",D,150,150,150,150,150,150,150,150,150,150,150,150,150,150,150,150,150,150,150,150,150,150,150,150
"PAIPA4",P,121500,121500,121500,121500,121500,121500,121500,121500,121500,121500,121500,121500,121500,121500,121500,121500,121500,121500,121500,121500,121500,121500,121500,121500
"PLAYAS",D,201,201,201,201,201,201,201,201,201,201,201,201,201,201,201,201,201,201,201,201,201,201,201,201
"PLAYAS",P,37267,37267,37267,37267,37267,37267,37267,37267,37267,37267,37267,37267,37267,37267,37267,37267,37267,37267,37267,37267,37267,37267,37267,37267
"PORCE2",D,405,405,405,405,405,405,405,405,405,405,405,405,405,405,405,405,405,405,405,405,405,405,405,405
"PORCE2",P,165000,165000,165000,165000,165000,165000,165000,165000,165000,165000,165000,165000,165000,165000,165000,165000,165000,165000,165000,165000,165000,165000,165000,165000
"PORCE3",D,660,660,660,660,660,660,660,660,660,660,660,660,660,660,660,660,660,660,660,660,660,660,660,660
"PORCE3",P,158000,158000,158000,158000,158000,158000,158000,158000,158000,158000,158000,158000,158000,158000,158000,158000,158000,158000,158000,158000,158000,158000,158000,158000
"PRADO",D,46,46,46,46,46,46,46,46,46,46,46,46,46,46,46,46,46,46,46,46,46,46,46,46
"PRADO",P,250000,250000,250000,250000,250000,250000,250000,250000,250000,250000,250000,250000,250000,250000,250000,250000,250000,250000,250000,250000,250000,250000,250000,250000
"PROELEC1",D,45,45,45,45,45,45,45,0,0,0,0,0,0,0,0,0,0,0,45,45,45,45,45,45
"PROELEC1",P,257206,257206,257206,257206,257206,257206,257206,257206,257206,257206,257206,257206,257206,257206,257206,257206,257206,257206,257206,257206,257206,257206,257206,257206
"PROELEC2",D,45,45,45,45,45,45,45,45,45,45,45,45,45,45,45,45,45,45,45,45,45,45,45,45
"PROELEC2",P,257206,257206,257206,257206,257206,257206,257206,257206,257206,257206,257206,257206,257206,257206,257206,257206,257206,257206,257206,257206,257206,257206,257206,257206
"RPIEDRAS",D,20,20,20,20,20,20,20,20,20,20,20,20,20,20,20,20,20,20,20,20,20,20,20,20
"RPIEDRAS",P,0,0,0,0,0,0,0,0,0,0,0,0,0,0,0,0,0,0,0,0,0,0,0,0
"SALVAJINA",D,285,285,285,285,285,285,285,285,285,285,285,285,285,285,285,285,285,285,285,285,285,285,285,285
"SALVAJINA",P,1204900,1204900,1204900,1204900,1204900,1204900,1204900,1204900,1204900,1204900,1204900,1204900,1204900,1204900,1204900,1204900,1204900,1204900,1204900,1204900,1204900,1204900,1204900,1204900
"SANCARLOS",D,1240,1240,1240,1240,1240,1240,1240,1240,1240,1240,1240,1240,1240,1240,1240,1240,1240,1240,1240,1240,1240,1240,1240,1240
"SANCARLOS",P,158600,158600,158600,158600,158600,158600,158600,158600,158600,158600,158600,158600,158600,158600,158600,158600,158600,158600,158600,158600,158600,158600,158600,158600
"SANFRANCISCO",D,0,0,0,0,0,0,0,0,0,90,90,90,90,0,0,0,45,90,90,90,90,0,0,0
"SANFRANCISCO",P,0,0,0,0,0,0,0,0,0,0,0,0,0,0,0,0,0,0,0,0,0,0,0,0
"TASAJER1",D,155,155,155,155,155,155,155,155,155,155,155,155,155,155,155,155,155,155,155,155,155,155,155,155
"TASAJER1",P,150380,150380,150380,150380,150380,150380,150380,150380,150380,150380,150380,150380,150380,150380,150380,150380,150380,150380,150380,150380,150380,150380,150380,150380
"TCANDEL1",D,157,157,157,157,157,157,157,157,157,157,157,157,157,157,157,157,157,157,157,157,157,157,157,157
"TCANDEL1",P,1299969,1299969,1299969,1299969,1299969,1299969,1299969,1299969,1299969,1299969,1299969,1299969,1299969,1299969,1299969,1299969,1299969,1299969,1299969,1299969,1299969,1299969,1299969,1299969
"TCANDEL2",D,157,157,157,157,157,157,157,157,157,157,157,157,157,157,157,157,157,157,157,157,157,157,157,157
"TCANDEL2",P,1347471,1347471,1347471,1347471,1347471,1347471,1347471,1347471,1347471,1347471,1347471,1347471,1347471,1347471,1347471,1347471,1347471,1347471,1347471,1347471,1347471,1347471,1347471,1347471
"TCENTRO1",D,278,278,278,278,278,278,278,278,278,278,278,278,278,278,278,278,278,278,278,278,278,278,278,278
"TCENTRO1",P,85932,85932,85932,85932,85932,85932,85932,85932,85932,85932,85932,85932,85932,85932,85932,85932,85932,85932,85932,85932,85932,85932,85932,85932
"TEBSA",D,791,791,791,791,791,791,791,791,791,791,791,791,791,791,791,791,791,791,791,791,791,791,791,791
"TEBSA",P,145807,145807,145807,145807,145807,145807,145807,145807,145807,145807,145807,145807,145807,145807,145807,145807,145807,145807,145807,145807,145807,145807,145807,145807
"TEMCALI",D,213,213,213,213,213,213,213,213,213,213,213,213,213,213,213,213,213,213,213,213,213,213,213,213
"TEMCALI",P,725000,725000,725000,725000,725000,725000,725000,725000,725000,725000,725000,725000,725000,725000,725000,725000,725000,725000,725000,725000,725000,725000,725000,725000
"TPIEDRAS",D,0,0,0,0,0,0,0,0,0,0,0,0,0,0,0,0,0,0,0,0,0,0,0,0
"TPIEDRAS",P,0,0,0,0,0,0,0,0,0,0,0,0,0,0,0,0,0,0,0,0,0,0,0,0
"TSIERRA",D,364,364,364,364,364,364,364,364,364,364,364,364,364,364,364,364,364,364,364,364,364,364,364,364
"TSIERRA",P,1414069,1414069,1414069,1414069,1414069,1414069,1414069,1414069,1414069,1414069,1414069,1414069,1414069,1414069,1414069,1414069,1414069,1414069,1414069,1414069,1414069,1414069,1414069,1414069
"TVALLE",D,205,205,205,205,205,205,205,205,205,205,205,205,205,205,205,205,205,205,205,205,205,205,205,205
"TVALLE",P,245000,245000,245000,245000,245000,245000,245000,245000,245000,245000,245000,245000,245000,245000,245000,245000,245000,245000,245000,245000,245000,245000,245000,245000
"TYOPAL2",D,30,30,30,30,30,30,30,30,30,29,29,28,28,28,28,28,28,29,30,30,30,30,30,30
"TYOPAL2",P,50000,50000,50000,50000,50000,50000,50000,50000,50000,50000,50000,50000,50000,50000,50000,50000,50000,50000,50000,50000,50000,50000,50000,50000
"URRA",D,164,164,164,164,164,164,164,246,246,246,246,246,246,246,246,246,328,246,246,246,246,246,164,164
"URRA",P,150000,150000,150000,150000,150000,150000,150000,150000,150000,150000,150000,150000,150000,150000,150000,150000,150000,150000,150000,150000,150000,150000,150000,150000
"VENEZUE1",D,0,0,0,0,0,0,0,0,0,0,0,0,0,0,0,0,0,0,0,0,0,0,0,0
"VENEZUE1",P,257058,257058,257058,257058,257058,257058,257058,257058,257058,257058,257058,257058,257058,257058,257058,257058,257058,257058,292248,292248,292248,257058,257058,257058
"ZIPAEMG2",D,34,34,34,34,34,34,34,34,34,34,34,34,34,34,34,34,34,34,34,34,34,34,34,34
"ZIPAEMG2",P,163000,163000,163000,163000,163000,163000,163000,163000,163000,163000,163000,163000,163000,163000,163000,163000,163000,163000,163000,163000,163000,163000,163000,163000
"ZIPAEMG3",D,31,31,31,31,31,31,31,31,31,31,31,31,31,31,31,31,31,31,31,31,31,31,31,31
"ZIPAEMG3",P,160000,160000,160000,160000,160000,160000,160000,160000,160000,160000,160000,160000,160000,160000,160000,160000,160000,160000,160000,160000,160000,160000,160000,160000
"ZIPAEMG4",D,64,64,64,64,64,64,64,64,64,64,64,64,64,64,64,64,64,64,64,64,64,64,64,64
"ZIPAEMG4",P,130000,130000,130000,130000,130000,130000,130000,130000,130000,130000,130000,130000,130000,130000,130000,130000,130000,130000,130000,130000,130000,130000,130000,130000
"ZIPAEMG5",D,64,64,64,64,64,64,64,64,64,64,64,64,64,64,64,64,64,64,64,64,64,64,64,64
"ZIPAEMG5",P,131000,131000,131000,131000,131000,131000,131000,131000,131000,131000,131000,131000,131000,131000,131000,131000,131000,131000,131000,131000,131000,131000,131000,131000
