"ALBAN",D,5,5,5,5,5,5,5,5,5,141,141,141,141,141,141,141,141,141,281,281,281,141,141,141
"ALBAN",P,405000,405000,405000,405000,405000,405000,405000,405000,405000,405000,405000,405000,405000,405000,405000,405000,405000,405000,405000,405000,405000,405000,405000,405000
"BARRANQ3",D,60,60,60,60,60,60,60,60,60,60,60,60,60,60,60,60,60,60,60,60,60,60,60,60
"BARRANQ3",P,732789,732789,732789,732789,732789,732789,732789,732789,732789,732789,732789,732789,732789,732789,732789,732789,732789,732789,732789,732789,732789,732789,732789,732789
"BARRANQ4",D,60,60,60,60,60,60,60,60,60,60,60,60,60,60,60,60,60,60,60,60,60,60,60,60
"BARRANQ4",P,740951,740951,740951,740951,740951,740951,740951,740951,740951,740951,740951,740951,740951,740951,740951,740951,740951,740951,740951,740951,740951,740951,740951,740951
"BETANIA",D,525,525,525,525,525,525,525,525,525,525,525,525,525,525,525,525,525,525,525,525,525,525,525,525
"BETANIA",P,280000,280000,280000,280000,280000,280000,280000,280000,280000,280000,280000,280000,280000,280000,280000,280000,280000,280000,280000,280000,280000,280000,280000,280000
"CALIMA1",D,132,132,132,132,132,132,132,132,132,132,132,132,132,132,132,132,132,132,132,132,132,132,132,132
"CALIMA1",P,399000,399000,399000,399000,399000,399000,399000,399000,399000,399000,399000,399000,399000,399000,399000,399000,399000,399000,399000,399000,399000,399000,399000,399000
"CHIVOR",D,875,875,875,875,875,875,875,875,875,875,875,875,875,875,875,875,875,875,875,875,875,875,875,875
"CHIVOR",P,260000,260000,260000,260000,260000,260000,260000,260000,260000,260000,260000,260000,260000,260000,260000,260000,260000,260000,260000,260000,260000,260000,260000,260000
"COINCAUCA",D,2,2,3,3,2,2,3,3,3,3,3,2,2,3,2,2,3,2,2,3,2,2,2,2
"COINCAUCA",P,0,0,0,0,0,0,0,0,0,0,0,0,0,0,0,0,0,0,0,0,0,0,0,0
"COROZO1",D,0,0,0,0,0,0,0,0,0,0,0,0,0,0,0,0,0,0,0,0,0,0,0,0
"COROZO1",P,420000,420000,420000,420000,420000,420000,420000,420000,420000,420000,420000,420000,420000,420000,420000,420000,420000,420000,420000,420000,420000,420000,420000,420000
"CSANCARLOS",D,0,0,0,0,0,0,0,0,0,0,0,0,0,0,0,0,0,0,0,0,0,0,0,0
"CSANCARLOS",P,0,0,0,0,0,0,0,0,0,0,0,0,0,0,0,0,0,0,0,0,0,0,0,0
"CTGEMG1",D,0,0,0,0,0,0,0,0,0,0,0,0,0,0,0,0,0,0,0,0,0,0,0,0
"CTGEMG1",P,810000,810000,810000,810000,810000,810000,810000,810000,810000,810000,810000,810000,810000,810000,810000,810000,810000,810000,810000,810000,810000,810000,810000,810000
"CTGEMG2",D,0,0,0,0,0,0,0,0,0,0,0,0,0,0,0,0,0,0,0,0,0,0,0,0
"CTGEMG2",P,750000,750000,750000,750000,750000,750000,750000,750000,750000,750000,750000,750000,750000,750000,750000,750000,750000,750000,750000,750000,750000,750000,750000,750000
"CTGEMG3",D,0,0,0,0,0,0,0,0,0,0,0,0,0,0,0,0,0,0,0,0,0,0,0,0
"CTGEMG3",P,780000,780000,780000,780000,780000,780000,780000,780000,780000,780000,780000,780000,780000,780000,780000,780000,780000,780000,780000,780000,780000,780000,780000,780000
"CVALLEC1",D,0,0,0,0,0,0,0,0,0,0,0,0,0,0,0,0,0,0,0,0,0,0,0,0
"CVALLEC1",P,0,0,0,0,0,0,0,0,0,0,0,0,0,0,0,0,0,0,0,0,0,0,0,0
"DORADA1",D,46,46,46,46,46,46,46,46,46,46,46,46,46,46,46,46,46,46,46,46,46,46,46,46
"DORADA1",P,656833,656833,656833,656833,656833,656833,656833,656833,656833,656833,656833,656833,656833,656833,656833,656833,656833,656833,656833,656833,656833,656833,656833,656833
"ECUADOR11",D,0,0,0,0,0,0,0,0,0,0,0,0,0,0,0,0,0,0,0,0,0,0,0,0
"ECUADOR11",P,214878,214938,215007,215038,215250,203713,203903,203402,218815,219390,219096,218746,218910,218960,218848,218872,218920,249847,273383,256058,273321,273580,210019,209430
"ECUADOR12",D,0,0,0,0,0,0,0,0,0,0,0,0,0,0,0,0,0,0,0,0,0,0,0,0
"ECUADOR12",P,0,0,0,0,0,0,0,0,0,0,0,0,0,0,0,0,0,0,0,0,0,0,0,0
"ECUADOR13",D,0,0,0,0,0,0,0,0,0,0,0,0,0,0,0,0,0,0,0,0,0,0,0,0
"ECUADOR13",P,0,0,0,0,0,0,0,0,0,0,0,0,0,0,0,0,0,0,0,0,0,0,0,0
"ECUADOR14",D,0,0,0,0,0,0,0,0,0,0,0,0,0,0,0,0,0,0,0,0,0,0,0,0
"ECUADOR14",P,0,0,0,0,0,0,0,0,0,0,0,0,0,0,0,0,0,0,0,0,0,0,0,0
"ECUADOR21",D,0,0,0,0,0,0,0,0,0,0,0,0,0,0,0,0,0,0,0,0,0,0,0,0
"ECUADOR21",P,214878,214938,215007,215038,215250,203713,203903,203402,218815,219390,219096,218746,218910,218960,218848,218872,218920,249847,273383,256058,273321,273580,210019,209430
"ECUADOR22",D,0,0,0,0,0,0,0,0,0,0,0,0,0,0,0,0,0,0,0,0,0,0,0,0
"ECUADOR22",P,116396,101574,101666,101682,101600,116034,115661,102922,113994,117135,126757,126736,126728,124955,124766,113697,113731,138765,166548,159470,157953,141809,111020,104182
"ECUADOR23",D,0,0,0,0,0,0,0,0,0,0,0,0,0,0,0,0,0,0,0,0,0,0,0,0
"ECUADOR23",P,122884,137876,137914,137953,137609,112715,106481,134686,156667,156815,163254,163312,163565,163449,193081,163572,156814,157367,250548,235095,206962,163939,117107,113777
"ECUADOR24",D,0,0,0,0,0,0,0,0,0,0,0,0,0,0,0,0,0,0,0,0,0,0,0,0
"ECUADOR24",P,0,0,0,0,0,0,0,0,0,0,0,0,0,0,0,0,0,0,0,0,0,0,0,0
"ESMERALDA",D,0,0,0,0,0,0,0,0,0,0,0,0,0,0,0,0,0,0,0,0,0,0,0,0
"ESMERALDA",P,0,0,0,0,0,0,0,0,0,0,0,0,0,0,0,0,0,0,0,0,0,0,0,0
"FLORES IV",D,450,450,450,450,450,450,450,450,450,450,450,450,450,450,450,450,450,450,450,450,450,450,450,450
"FLORES IV",P,199827,199827,199827,199827,199827,199827,199827,199827,199827,199827,199827,199827,199827,199827,199827,199827,199827,199827,199827,199827,199827,199827,199827,199827
"FLORES1",D,150,150,150,150,150,150,150,150,150,150,150,150,150,150,150,150,150,150,150,150,150,150,150,150
"FLORES1",P,998721,998721,998721,998721,998721,998721,998721,998721,998721,998721,998721,998721,998721,998721,998721,998721,998721,998721,998721,998721,998721,998721,998721,998721
"FLORIDA2",D,8,8,8,8,8,8,8,8,8,8,8,8,8,8,8,8,8,8,8,8,8,8,8,8
"FLORIDA2",P,0,0,0,0,0,0,0,0,0,0,0,0,0,0,0,0,0,0,0,0,0,0,0,0
"GUAJIR11",D,80,80,80,80,80,80,80,80,80,80,80,80,80,80,80,80,80,80,80,80,80,80,80,80
"GUAJIR11",P,153207,153207,153207,153207,153207,153207,153207,153207,153207,153207,153207,153207,153207,153207,153207,153207,153207,153207,153207,153207,153207,153207,153207,153207
"GUAJIR21",D,145,145,145,145,145,145,145,145,145,145,145,145,145,145,145,145,145,145,145,145,145,145,145,145
"GUAJIR21",P,144266,144266,144266,144266,144266,144266,144266,144266,144266,144266,144266,144266,144266,144266,144266,144266,144266,144266,144266,144266,144266,144266,144266,144266
"GUATAPE",D,560,560,560,560,560,560,560,490,490,490,490,490,560,560,560,560,560,560,560,560,560,560,560,560
"GUATAPE",P,34411,34411,34411,34411,34411,34411,34411,34411,34411,34411,34411,34411,34411,34411,34411,34411,34411,34411,34411,34411,34411,34411,34411,34411
"GUATRON",D,434,434,434,434,434,434,434,434,434,434,434,434,434,434,434,434,434,434,434,434,434,434,434,434
"GUATRON",P,160000,160000,160000,160000,160000,160000,160000,160000,160000,160000,160000,160000,160000,160000,160000,160000,160000,160000,160000,160000,160000,160000,160000,160000
"GUAVIO",D,1200,1200,1200,1200,1200,1200,1200,1200,1200,1200,1200,1200,1200,1200,1200,1200,1200,1200,1200,1200,1200,1200,1200,1200
"GUAVIO",P,178450,178450,178450,178450,178450,178450,178450,178450,178450,178450,178450,178450,178450,178450,178450,178450,178450,178450,178450,178450,178450,178450,178450,178450
"INSULA",D,8,8,8,8,8,8,8,8,8,8,8,8,8,8,8,8,8,8,8,8,8,8,8,8
"INSULA",P,0,0,0,0,0,0,0,0,0,0,0,0,0,0,0,0,0,0,0,0,0,0,0,0
"JAGUAS",D,85,85,85,85,85,85,85,85,85,85,85,85,85,85,85,85,85,85,85,85,85,85,85,85
"JAGUAS",P,34411,34411,34411,34411,34411,34411,34411,34411,34411,34411,34411,34411,34411,34411,34411,34411,34411,34411,34411,34411,34411,34411,34411,34411
"LATASAJERA",D,306,306,306,306,306,306,306,306,306,306,306,306,306,306,306,306,306,306,306,306,306,306,306,306
"LATASAJERA",P,34411,34411,34411,34411,34411,34411,34411,34411,34411,34411,34411,34411,34411,34411,34411,34411,34411,34411,34411,34411,34411,34411,34411,34411
"MAGUAFRE",D,7,7,7,7,7,7,7,7,7,7,7,7,7,7,7,7,7,7,7,7,7,7,7,7
"MAGUAFRE",P,0,0,0,0,0,0,0,0,0,0,0,0,0,0,0,0,0,0,0,0,0,0,0,0
"MALTOTULUA1",D,0,0,0,0,0,0,0,0,0,0,0,0,0,0,0,0,0,0,0,0,0,0,0,0
"MALTOTULUA1",P,0,0,0,0,0,0,0,0,0,0,0,0,0,0,0,0,0,0,0,0,0,0,0,0
"MANTIOQ1",D,65,65,65,65,65,65,65,65,65,65,65,65,65,65,65,65,65,65,65,65,65,65,65,65
"MANTIOQ1",P,0,0,0,0,0,0,0,0,0,0,0,0,0,0,0,0,0,0,0,0,0,0,0,0
"MBELMONTE",D,0,0,0,0,0,0,0,0,0,0,0,0,0,0,0,0,0,0,0,0,0,0,0,0
"MBELMONTE",P,0,0,0,0,0,0,0,0,0,0,0,0,0,0,0,0,0,0,0,0,0,0,0,0
"MBOGOTA1",D,66,66,66,66,66,66,66,66,66,66,66,66,66,66,66,66,66,66,66,66,66,66,66,66
"MBOGOTA1",P,0,0,0,0,0,0,0,0,0,0,0,0,0,0,0,0,0,0,0,0,0,0,0,0
"MCALDERAS",D,5,5,5,5,5,9,9,9,9,9,9,9,9,9,9,9,9,9,20,20,20,9,9,9
"MCALDERAS",P,0,0,0,0,0,0,0,0,0,0,0,0,0,0,0,0,0,0,0,0,0,0,0,0
"MCARUQUIA",D,10,10,10,10,10,10,10,10,10,10,10,10,10,10,10,10,10,10,10,10,10,10,10,10
"MCARUQUIA",P,0,0,0,0,0,0,0,0,0,0,0,0,0,0,0,0,0,0,0,0,0,0,0,0
"MCASCADA1",D,2,2,2,2,2,2,2,2,2,2,2,2,2,2,2,2,2,2,2,2,2,2,2,2
"MCASCADA1",P,0,0,0,0,0,0,0,0,0,0,0,0,0,0,0,0,0,0,0,0,0,0,0,0
"MCAUCAN1",D,3,3,3,3,3,3,3,3,3,3,3,3,3,3,3,3,3,3,3,3,3,3,3,3
"MCAUCAN1",P,0,0,0,0,0,0,0,0,0,0,0,0,0,0,0,0,0,0,0,0,0,0,0,0
"MCAUCAN2",D,4,4,4,4,4,4,4,4,4,4,4,4,4,4,4,4,4,4,4,4,4,4,4,4
"MCAUCAN2",P,0,0,0,0,0,0,0,0,0,0,0,0,0,0,0,0,0,0,0,0,0,0,0,0
"MCIMARR1",D,20,20,20,20,20,20,20,20,20,20,20,20,20,20,20,20,20,20,20,20,20,20,20,20
"MCIMARR1",P,0,0,0,0,0,0,0,0,0,0,0,0,0,0,0,0,0,0,0,0,0,0,0,0
"MCQR1",D,2,2,2,2,2,2,2,2,2,2,2,2,2,2,2,2,2,2,2,2,2,2,2,2
"MCQR1",P,0,0,0,0,0,0,0,0,0,0,0,0,0,0,0,0,0,0,0,0,0,0,0,0
"MCUNDINAMARCA",D,0,0,0,0,0,0,0,0,0,0,0,0,0,0,0,0,0,0,0,0,0,0,0,0
"MCUNDINAMARCA",P,0,0,0,0,0,0,0,0,0,0,0,0,0,0,0,0,0,0,0,0,0,0,0,0
"MCURRUCU",D,1,1,1,1,1,1,1,1,1,1,1,1,1,1,1,1,1,1,1,1,1,1,1,1
"MCURRUCU",P,0,0,0,0,0,0,0,0,0,0,0,0,0,0,0,0,0,0,0,0,0,0,0,0
"MELBOSQUE",D,2,2,2,2,2,2,2,2,2,2,2,2,2,2,2,2,2,2,2,2,2,2,2,2
"MELBOSQUE",P,0,0,0,0,0,0,0,0,0,0,0,0,0,0,0,0,0,0,0,0,0,0,0,0
"MEMCALI",D,0,0,0,0,0,0,0,0,0,0,0,0,0,0,0,0,0,0,0,0,0,0,0,0
"MEMCALI",P,0,0,0,0,0,0,0,0,0,0,0,0,0,0,0,0,0,0,0,0,0,0,0,0
"MERILEC1",D,169,169,169,169,169,169,169,169,169,169,169,169,169,169,169,169,169,169,169,169,169,169,169,169
"MERILEC1",P,248590,248590,248590,248590,248590,248590,248590,248590,248590,248590,248590,248590,248590,248590,248590,248590,248590,248590,248590,248590,248590,248590,248590,248590
"MGUANAQUITA",D,10,10,10,10,10,10,10,10,10,10,10,10,10,10,10,10,10,10,10,10,10,10,10,10
"MGUANAQUITA",P,0,0,0,0,0,0,0,0,0,0,0,0,0,0,0,0,0,0,0,0,0,0,0,0
"MHUILAQ1",D,3,3,3,3,3,3,3,3,3,3,3,3,3,3,3,3,3,3,3,3,3,3,3,3
"MHUILAQ1",P,0,0,0,0,0,0,0,0,0,0,0,0,0,0,0,0,0,0,0,0,0,0,0,0
"MIEL1",D,300,300,300,300,300,300,300,300,300,300,300,300,300,300,300,300,300,300,300,300,300,300,300,300
"MIEL1",P,414747,414747,414747,414747,414747,414747,414747,414747,414747,414747,414747,414747,414747,414747,414747,414747,414747,414747,414747,414747,414747,414747,414747,414747
"MJEPIRAC",D,4,4,3,3,3,3,3,4,4,4,5,6,7,8,9,10,10,9,8,6,6,5,5,4
"MJEPIRAC",P,0,0,0,0,0,0,0,0,0,0,0,0,0,0,0,0,0,0,0,0,0,0,0,0
"MMONTAÑITAS",D,20,20,20,20,20,20,20,20,20,20,20,20,20,20,20,20,20,20,20,20,20,20,20,20
"MMONTAÑITAS",P,0,0,0,0,0,0,0,0,0,0,0,0,0,0,0,0,0,0,0,0,0,0,0,0
"MMORRO1",D,20,20,20,20,20,20,20,20,20,20,20,20,20,20,20,20,20,20,20,20,20,20,20,20
"MMORRO1",P,0,0,0,0,0,0,0,0,0,0,0,0,0,0,0,0,0,0,0,0,0,0,0,0
"MMORRO2",D,19,19,19,19,19,19,19,19,19,19,19,19,19,19,19,19,19,19,19,19,19,19,19,19
"MMORRO2",P,0,0,0,0,0,0,0,0,0,0,0,0,0,0,0,0,0,0,0,0,0,0,0,0
"MNLIBARE",D,0,0,0,0,0,0,0,0,0,0,0,0,0,0,0,0,0,0,0,0,0,0,0,0
"MNLIBARE",P,0,0,0,0,0,0,0,0,0,0,0,0,0,0,0,0,0,0,0,0,0,0,0,0
"MNORDE1",D,7,7,7,7,7,7,7,7,7,7,7,7,7,7,7,7,7,7,7,7,7,7,7,7
"MNORDE1",P,0,0,0,0,0,0,0,0,0,0,0,0,0,0,0,0,0,0,0,0,0,0,0,0
"MPRADO4",D,5,5,5,5,5,5,5,5,5,5,5,5,5,5,5,5,5,5,5,5,5,5,5,5
"MPRADO4",P,0,0,0,0,0,0,0,0,0,0,0,0,0,0,0,0,0,0,0,0,0,0,0,0
"MRIOMAYO",D,0,0,0,0,0,7,20,20,20,20,20,20,0,0,0,0,20,20,20,20,20,20,0,0
"MRIOMAYO",P,0,0,0,0,0,0,0,0,0,0,0,0,0,0,0,0,0,0,0,0,0,0,0,0
"MSANTANA",D,5,5,5,5,5,5,5,5,5,5,5,5,5,5,5,5,5,5,5,5,5,5,5,5
"MSANTANA",P,0,0,0,0,0,0,0,0,0,0,0,0,0,0,0,0,0,0,0,0,0,0,0,0
"MSANTARITA",D,1,1,1,1,1,1,1,1,1,1,1,1,1,1,1,1,1,1,1,1,1,1,1,1
"MSANTARITA",P,0,0,0,0,0,0,0,0,0,0,0,0,0,0,0,0,0,0,0,0,0,0,0,0
"MSANTIAGO",D,1,1,1,1,1,1,1,1,1,1,1,1,1,1,1,1,1,1,1,1,1,1,1,1
"MSANTIAGO",P,0,0,0,0,0,0,0,0,0,0,0,0,0,0,0,0,0,0,0,0,0,0,0,0
"MTOLIMA1",D,4,4,4,4,4,4,4,4,4,4,4,4,4,4,4,4,4,4,4,4,4,4,4,4
"MTOLIMA1",P,0,0,0,0,0,0,0,0,0,0,0,0,0,0,0,0,0,0,0,0,0,0,0,0
"MTULUA",D,4,4,4,4,4,4,4,4,4,4,4,4,4,4,4,4,4,4,4,4,4,4,4,4
"MTULUA",P,0,0,0,0,0,0,0,0,0,0,0,0,0,0,0,0,0,0,0,0,0,0,0,0
"MVALLEC1",D,7,7,7,7,7,7,7,7,7,7,7,7,7,7,7,7,7,7,7,7,7,7,7,7
"MVALLEC1",P,0,0,0,0,0,0,0,0,0,0,0,0,0,0,0,0,0,0,0,0,0,0,0,0
"MYOPAL1",D,0,0,0,0,0,0,0,0,0,0,0,0,0,0,0,0,0,0,0,0,0,0,0,0
"MYOPAL1",P,0,0,0,0,0,0,0,0,0,0,0,0,0,0,0,0,0,0,0,0,0,0,0,0
"M_AMAIME",D,19,19,19,19,19,19,19,19,19,19,19,19,19,19,19,19,19,19,19,19,19,19,19,19
"M_AMAIME",P,0,0,0,0,0,0,0,0,0,0,0,0,0,0,0,0,0,0,0,0,0,0,0,0
"M_PROVIDEN",D,8,8,8,9,8,9,9,9,9,9,8,8,8,8,9,9,9,9,9,9,9,9,9,8
"M_PROVIDEN",P,0,0,0,0,0,0,0,0,0,0,0,0,0,0,0,0,0,0,0,0,0,0,0,0
"PAGUA",D,600,600,600,600,600,600,600,600,600,600,600,600,600,600,600,600,600,600,600,600,600,600,600,600
"PAGUA",P,34412,34412,34412,34412,34412,34412,34412,34412,34412,34412,34412,34412,34412,34412,34412,34412,34412,34412,34412,34412,34412,34412,34412,34412
"PAIPA1",D,31,31,31,31,31,23,23,23,23,23,23,23,23,23,23,23,23,23,23,23,23,23,23,23
"PAIPA1",P,42000,42000,42000,42000,42000,42000,42000,42000,42000,42000,42000,42000,42000,42000,42000,42000,42000,42000,42000,42000,42000,42000,42000,42000
"PAIPA2",D,59,59,59,59,59,59,59,59,59,59,59,59,59,59,59,59,59,59,59,59,59,59,59,59
"PAIPA2",P,51000,51000,51000,51000,51000,51000,51000,51000,51000,51000,51000,51000,51000,51000,51000,51000,51000,51000,51000,51000,51000,51000,51000,51000
"PAIPA3",D,70,70,70,62,62,62,62,62,62,62,62,62,62,62,62,62,62,62,62,62,62,62,62,62
"PAIPA3",P,71000,71000,71000,71000,71000,71000,71000,71000,71000,71000,71000,71000,71000,71000,71000,71000,71000,71000,71000,71000,71000,71000,71000,71000
"PAIPA4",D,150,150,150,150,150,150,150,150,150,150,150,150,150,150,150,150,150,150,150,150,150,150,150,150
"PAIPA4",P,91000,91000,91000,91000,91000,91000,91000,91000,91000,91000,91000,91000,91000,91000,91000,91000,91000,91000,91000,91000,91000,91000,91000,91000
"PALENQ3",D,0,0,0,0,0,0,0,0,0,0,0,0,0,0,0,0,0,0,0,0,0,0,0,0
"PALENQ3",P,897583,897583,897583,897583,897583,897583,897583,897583,897583,897583,897583,897583,897583,897583,897583,897583,897583,897583,897583,897583,897583,897583,897583,897583
"PLAYAS",D,134,134,134,134,134,134,134,134,134,134,134,134,134,134,134,134,134,134,134,134,134,134,134,134
"PLAYAS",P,34411,34411,34411,34411,34411,34411,34411,34411,34411,34411,34411,34411,34411,34411,34411,34411,34411,34411,34411,34411,34411,34411,34411,34411
"PORCE2",D,405,405,405,405,405,405,405,405,405,405,405,405,405,405,405,405,405,405,405,405,405,405,405,405
"PORCE2",P,200000,200000,200000,200000,200000,200000,200000,200000,200000,200000,200000,200000,200000,200000,200000,200000,200000,200000,200000,200000,200000,200000,200000,200000
"PORCE3",D,660,660,660,660,660,660,660,660,660,660,660,660,660,660,660,660,660,660,660,660,660,660,660,660
"PORCE3",P,320000,320000,320000,320000,320000,320000,320000,320000,320000,320000,320000,320000,320000,320000,320000,320000,320000,320000,320000,320000,320000,320000,320000,320000
"PRADO",D,46,46,46,46,46,46,46,46,46,46,46,46,46,46,46,46,46,46,46,46,46,46,46,46
"PRADO",P,249000,249000,249000,249000,249000,249000,249000,249000,249000,249000,249000,249000,249000,249000,249000,249000,249000,249000,249000,249000,249000,249000,249000,249000
"PROELEC1",D,45,45,45,45,45,45,45,45,45,45,45,45,45,45,45,45,45,45,45,45,45,45,45,45
"PROELEC1",P,251379,251379,251379,251379,251379,251379,251379,251379,251379,251379,251379,251379,251379,251379,251379,251379,251379,251379,251379,251379,251379,251379,251379,251379
"PROELEC2",D,45,45,45,45,45,45,45,45,45,45,45,45,45,45,45,45,45,45,45,45,45,45,45,45
"PROELEC2",P,251379,251379,251379,251379,251379,251379,251379,251379,251379,251379,251379,251379,251379,251379,251379,251379,251379,251379,251379,251379,251379,251379,251379,251379
"RPIEDRAS",D,20,20,20,20,20,20,20,20,20,20,20,20,20,20,20,20,20,20,20,20,20,20,20,20
"RPIEDRAS",P,0,0,0,0,0,0,0,0,0,0,0,0,0,0,0,0,0,0,0,0,0,0,0,0
"SALVAJINA",D,264,264,264,264,264,264,264,264,264,264,264,264,264,264,264,264,264,264,264,264,264,264,264,264
"SALVAJINA",P,400000,400000,400000,400000,400000,400000,400000,400000,400000,400000,400000,400000,400000,400000,400000,400000,400000,400000,400000,400000,400000,400000,400000,400000
"SANCARLOS",D,1240,1240,1240,1240,1240,1240,1240,1085,1085,1085,1085,1085,1085,1085,1085,1085,1085,1240,1240,1240,1240,1240,1240,1240
"SANCARLOS",P,170100,170100,170100,170100,170100,170100,170100,170100,170100,170100,170100,170100,170100,170100,170100,170100,170100,170100,170100,170100,170100,170100,170100,170100
"SANFRANCISCO",D,0,0,0,0,0,0,0,0,0,45,90,90,0,0,0,0,0,0,90,90,90,0,0,0
"SANFRANCISCO",P,0,0,0,0,0,0,0,0,0,0,0,0,0,0,0,0,0,0,0,0,0,0,0,0
"TASAJER1",D,155,155,155,155,155,155,155,155,155,155,155,155,155,155,155,155,155,155,155,155,155,155,155,155
"TASAJER1",P,148980,148980,148980,148980,148980,148980,148980,148980,148980,148980,148980,148980,148980,148980,148980,148980,148980,148980,148980,148980,148980,148980,148980,148980
"TCANDEL1",D,157,157,157,157,157,157,157,157,157,157,157,157,157,157,157,157,157,157,157,157,157,157,157,157
"TCANDEL1",P,1209073,1209073,1209073,1209073,1209073,1209073,1209073,1209073,1209073,1209073,1209073,1209073,1209073,1209073,1209073,1209073,1209073,1209073,1209073,1209073,1209073,1209073,1209073,1209073
"TCANDEL2",D,155,155,155,155,155,155,155,155,155,155,155,155,155,155,155,155,155,155,155,155,155,155,155,155
"TCANDEL2",P,1193721,1193721,1193721,1193721,1193721,1193721,1193721,1193721,1193721,1193721,1193721,1193721,1193721,1193721,1193721,1193721,1193721,1193721,1193721,1193721,1193721,1193721,1193721,1193721
"TCENTRO1",D,138,138,138,138,138,138,138,138,138,138,138,138,138,138,138,138,138,138,138,138,138,138,138,138
"TCENTRO1",P,99334,99334,99334,99334,99334,99334,99334,99334,99334,99334,99334,99334,99334,99334,99334,99334,99334,99334,99334,99334,99334,99334,99334,99334
"TEBSA",D,791,791,791,791,791,791,791,791,791,791,770,770,770,770,770,770,770,791,791,791,791,791,791,791
"TEBSA",P,187982,187982,187982,187982,187982,187982,187982,187982,187982,187982,187982,187982,187982,187982,187982,187982,187982,187982,187982,187982,187982,187982,187982,187982
"TEMCALI",D,213,213,213,213,213,213,213,213,213,213,213,213,213,213,213,213,213,213,213,213,213,213,213,213
"TEMCALI",P,725000,725000,725000,725000,725000,725000,725000,725000,725000,725000,725000,725000,725000,725000,725000,725000,725000,725000,725000,725000,725000,725000,725000,725000
"TPIEDRAS",D,0,0,0,0,0,0,0,0,0,0,0,0,0,0,0,0,0,0,0,0,0,0,0,0
"TPIEDRAS",P,0,0,0,0,0,0,0,0,0,0,0,0,0,0,0,0,0,0,0,0,0,0,0,0
"TSIERRA",D,460,460,460,460,460,460,454,454,454,454,440,440,440,440,440,440,440,440,445,445,454,454,454,454
"TSIERRA",P,120000,120000,120000,120000,120000,120000,120000,120000,120000,120000,120000,120000,120000,120000,120000,120000,120000,120000,120000,120000,120000,120000,120000,120000
"TVALLE",D,0,0,0,0,0,0,0,0,0,0,0,0,0,0,0,0,0,0,0,0,0,0,0,0
"TVALLE",P,225265,225265,225265,225265,225265,225265,225265,225265,225265,225265,225265,225265,225265,225265,225265,225265,225265,225265,225265,225265,225265,225265,225265,225265
"TYOPAL2",D,30,30,30,30,30,30,30,30,30,29,29,29,28,28,28,29,29,29,30,30,30,30,30,30
"TYOPAL2",P,50000,50000,50000,50000,50000,50000,50000,50000,50000,50000,50000,50000,50000,50000,50000,50000,50000,50000,50000,50000,50000,50000,50000,50000
"URRA",D,243,243,243,243,243,243,243,243,243,243,243,243,243,243,243,243,243,243,243,243,243,243,243,243
"URRA",P,350000,350000,350000,350000,350000,350000,350000,350000,350000,350000,350000,350000,350000,350000,350000,350000,350000,350000,350000,350000,350000,350000,350000,350000
"VENEZUE1",D,0,0,0,0,0,0,0,0,0,0,0,0,0,0,0,0,0,0,0,0,0,0,0,0
"VENEZUE1",P,255590,255590,255590,255590,255590,255590,255590,255590,255590,255590,255590,255590,255590,255590,255590,255590,255590,255590,290998,290998,290998,255590,255590,255590
"ZIPAEMG2",D,34,34,34,34,34,34,34,34,34,34,34,34,34,34,34,34,34,34,34,34,34,34,34,34
"ZIPAEMG2",P,200000,200000,200000,200000,200000,200000,200000,200000,200000,200000,200000,200000,200000,200000,200000,200000,200000,200000,200000,200000,200000,200000,200000,200000
"ZIPAEMG3",D,63,63,63,63,63,63,63,63,63,63,63,63,63,63,63,63,63,63,63,63,63,63,63,63
"ZIPAEMG3",P,121000,121000,121000,121000,121000,121000,121000,121000,121000,121000,121000,121000,121000,121000,121000,121000,121000,121000,121000,121000,121000,121000,121000,121000
"ZIPAEMG4",D,64,64,64,64,64,64,64,64,64,64,64,64,64,64,64,64,64,64,64,64,64,64,64,64
"ZIPAEMG4",P,90000,90000,90000,90000,90000,90000,90000,90000,90000,90000,90000,90000,90000,90000,90000,90000,90000,90000,90000,90000,90000,90000,90000,90000
"ZIPAEMG5",D,64,64,64,64,64,64,64,64,64,64,64,64,64,64,64,64,64,64,64,64,64,64,64,64
"ZIPAEMG5",P,120600,120600,120600,120600,120600,120600,120600,120600,120600,120600,120600,120600,120600,120600,120600,120600,120600,120600,120600,120600,120600,120600,120600,120600
