"ANTIOQUI",557,535,535,542,616,740,848,903,952,994,1043,1072,1053,1012,999,982,988,1015,1192,1206,1105,932,790,659
"ATLANTIC",408,396,384,375,378,381,377,404,451,469,482,491,474,479,499,503,500,505,551,542,538,524,497,462
"BOGOTA",1054,1011,990,993,1100,1280,1438,1576,1732,1810,1878,1911,1890,1847,1860,1842,1843,1851,2100,2117,2099,1816,1547,1284
"BOLIVAR",300,289,282,275,275,275,266,277,298,311,319,326,326,329,336,335,331,337,383,384,380,368,351,326
"CAUCANAR",122,115,111,114,125,161,196,196,204,207,217,227,212,198,200,206,213,229,307,319,286,240,190,148
"CERROMAT",295,292,290,292,297,295,290,294,301,298,296,297,305,304,306,313,309,313,360,373,360,343,325,310
"CHIVOR",0,0,0,0,0,0,0,0,0,0,0,0,0,0,0,0,0,0,0,0,0,0,0,0
"CORDOSUC",199,193,188,183,183,184,174,172,182,186,193,200,194,191,199,200,199,207,266,267,260,251,233,215
"CQR",238,223,219,216,228,260,287,304,325,344,366,379,366,359,359,355,355,371,454,477,452,395,335,274
"ECUADOR138",0,0,0,0,0,0,0,0,0,0,0,0,0,0,0,0,0,0,0,0,0,0,0,0
"ECUADOR220",0,0,0,0,0,0,0,0,0,0,28,46,0,44,103,90,0,0,70,70,70,6,0,0
"GCM",374,360,353,348,345,339,323,327,349,358,367,377,370,376,385,392,386,389,483,484,481,466,440,417
"HUILACAQ",92,87,83,82,83,88,97,108,121,128,137,144,137,135,142,144,143,144,187,193,182,155,128,107
"LAMIEL",0,0,0,0,0,0,0,0,0,0,0,0,0,0,0,0,0,0,0,0,0,0,0,0
"MAGDAMED",0,0,0,0,0,0,0,0,0,0,0,0,0,0,0,0,0,0,0,0,0,0,0,0
"META",142,138,135,133,133,135,134,148,165,176,184,189,186,185,186,187,185,184,213,213,210,191,170,151
"NORDESTE",681,664,654,649,663,688,700,758,826,855,892,901,870,875,902,896,884,896,1028,1045,997,914,828,742
"PAGUA",0,0,0,0,0,0,0,0,0,0,0,0,0,0,0,0,0,0,0,0,0,0,0,0
"SANCARLO",68,71,70,71,73,74,76,80,81,80,81,80,82,83,83,84,82,83,92,88,84,78,75,75
"TOLIMA",134,128,124,122,124,128,131,143,157,165,173,179,176,175,178,177,176,180,224,232,220,198,170,147
"VALLECAU",545,516,513,510,529,566,594,667,758,808,861,896,873,871,866,872,869,862,991,999,965,857,758,646
"Total",5209,5018,4931,4905,5152,5594,5931,6357,6902,7189,7517,7715,7514,7463,7603,7578,7463,7566,8901,9009,8689,7734,6837,5963
