"ANTIOQUI",611,571,566,580,651,770,862,918,970,1014,1059,1088,1056,1021,999,989,993,1025,1215,1209,1124,935,801,679
"ATLANTIC",443,427,414,407,406,412,407,430,480,499,510,512,497,504,522,523,516,523,569,568,561,543,512,478
"BOGOTA",1172,1109,1091,1093,1187,1381,1530,1656,1778,1860,1927,1961,1920,1873,1867,1871,1863,1870,2133,2145,2097,1824,1560,1334
"BOLIVAR",311,302,294,287,285,286,276,284,305,314,323,332,330,332,340,339,337,343,388,387,384,368,356,337
"CAUCANAR",131,123,119,122,133,175,206,207,210,214,223,230,211,198,202,206,214,228,306,317,286,240,188,148
"CERROMAT",300,291,294,294,301,300,292,294,302,301,298,300,304,306,312,315,313,319,371,376,366,341,327,313
"CHIVOR",0,0,0,0,0,0,0,0,0,0,0,0,0,0,0,0,0,0,0,0,0,0,0,0
"CORDOSUC",201,195,189,186,187,193,181,179,190,194,198,205,198,195,206,208,206,215,275,276,266,253,233,214
"CQR",245,234,229,227,236,267,287,312,336,354,376,389,373,364,364,362,360,378,460,477,455,391,333,280
"ECUADOR138",0,0,0,0,0,0,0,0,0,0,0,0,0,0,0,0,0,0,0,0,0,0,0,0
"ECUADOR220",0,0,0,0,0,0,0,0,0,0,15,24,0,46,75,87,57,0,120,80,170,4,0,0
"GCM",395,382,373,365,361,357,340,339,361,369,376,387,379,384,400,402,391,399,486,485,491,471,447,424
"HUILACAQ",94,89,86,85,85,91,99,109,123,132,140,147,139,137,145,147,147,146,192,195,185,159,132,110
"LAMIEL",0,0,0,0,0,0,0,0,0,0,0,0,0,0,0,0,0,0,0,0,0,0,0,0
"MAGDAMED",0,0,0,0,0,0,0,0,0,0,0,0,0,0,0,0,0,0,0,0,0,0,0,0
"META",140,136,132,129,130,133,133,145,164,174,182,186,183,183,186,186,184,183,212,209,205,189,169,151
"NORDESTE",702,693,668,661,680,708,704,766,831,860,885,887,860,862,896,897,887,1000,1122,1123,1081,987,904,734
"PAGUA",0,0,0,0,0,0,0,0,0,0,0,0,0,0,0,0,0,0,0,0,0,0,0,0
"SANCARLO",71,76,73,75,77,77,76,80,81,80,80,78,81,81,82,84,83,84,93,88,85,77,75,74
"TOLIMA",138,130,125,124,127,134,135,149,161,170,177,183,177,177,181,181,179,182,227,234,226,202,175,151
"VALLECAU",563,542,525,524,541,590,618,678,751,801,850,886,866,850,867,866,851,860,985,994,967,862,747,647
"Total",5517,5300,5178,5159,5387,5874,6146,6546,7043,7336,7619,7795,7574,7513,7644,7663,7581,7755,9154,9163,8949,7846,6959,6074
