"ANTIOQUI",667,635,620,628,680,817,903,965,1025,1068,1118,1162,1139,1111,1104,1094,1082,1067,1160,1182,1103,980,861,755
"ATLANTIC",508,490,479,470,467,466,454,486,538,560,575,582,566,577,598,597,583,560,575,599,606,596,583,549
"BOGOTA",1189,1132,1103,1109,1251,1565,1651,1749,1848,1907,1955,1988,1923,1885,1905,1899,1893,1886,2068,2088,2048,1771,1545,1346
"BOLIVAR",352,341,333,329,326,321,311,324,344,351,358,362,360,365,375,369,367,364,385,399,404,396,384,367
"CAUCANAR",121,116,115,116,130,171,204,199,202,207,215,221,202,191,194,199,207,221,298,306,275,222,179,145
"CERROMAT",306,298,295,294,296,303,291,297,299,298,302,312,304,315,316,318,318,315,350,367,362,346,328,312
"CHIVOR",0,0,0,0,0,0,0,0,0,0,0,0,0,0,0,0,0,0,0,0,0,0,0,0
"CORDOSUC",208,196,190,184,181,189,177,176,184,188,195,201,194,195,206,209,209,204,236,256,254,246,229,210
"CQR",251,240,231,230,241,275,301,318,339,356,379,390,374,369,371,371,372,375,453,475,448,393,339,291
"ECUADOR138",0,0,0,0,0,0,0,0,0,0,0,0,0,0,0,0,0,0,0,0,0,0,0,0
"ECUADOR220",0,0,0,0,0,0,0,0,0,0,0,0,0,0,0,0,0,0,0,0,0,0,0,0
"GCM",417,402,390,385,379,364,342,350,368,381,401,487,487,518,539,525,502,479,528,575,592,584,562,444
"HUILACAQ",99,93,89,88,90,98,105,116,130,136,144,151,141,139,145,150,149,147,186,191,180,158,133,113
"LAMIEL",0,0,0,0,0,0,0,0,0,0,0,0,0,0,0,0,0,0,0,0,0,0,0,0
"MAGDAMED",0,0,0,0,0,0,0,0,0,0,0,0,0,0,0,0,0,0,0,0,0,0,0,0
"META",102,98,94,93,96,104,106,116,128,137,144,148,147,146,147,145,146,143,167,169,163,144,128,107
"NORDESTE",723,706,687,682,693,730,749,798,857,887,1008,1018,979,1006,1053,1048,1025,1020,1118,1148,1110,1031,936,762
"PAGUA",0,0,0,0,0,0,0,0,0,0,0,0,0,0,0,0,0,0,0,0,0,0,0,0
"SANCARLO",62,68,67,70,70,70,67,67,72,76,77,73,70,75,75,72,75,76,85,81,77,72,71,69
"TOLIMA",128,123,120,118,119,130,132,144,156,165,173,179,174,173,178,180,177,176,210,219,209,190,168,149
"VALLECAU",628,600,581,579,596,636,659,719,813,852,909,946,919,905,925,925,922,890,1008,1028,988,878,795,715
"Total",5761,5538,5394,5375,5615,6239,6452,6824,7303,7569,7953,8220,7979,7970,8131,8101,8027,7923,8827,9083,8819,8007,7241,6334
