"ANTIOQUI",611,571,553,541,548,556,569,633,699,754,791,820,831,811,777,764,749,776,907,938,887,772,696,607
"ATLANTIC",487,469,456,444,440,428,407,412,419,427,434,444,447,448,445,452,451,462,569,550,551,546,535,507
"BOGOTA",1139,1071,1036,1020,1029,1022,1016,1126,1259,1352,1409,1441,1446,1404,1348,1311,1285,1356,1642,1647,1625,1459,1298,1142
"BOLIVAR",326,318,309,305,301,291,278,273,278,282,290,295,296,301,301,299,302,309,371,370,368,358,351,334
"CAUCANAR",118,114,113,109,113,127,144,159,177,181,186,183,182,165,159,161,162,185,260,264,237,194,150,124
"CERROMAT",300,293,289,292,292,281,286,283,284,281,277,277,300,288,300,293,298,311,350,354,348,324,313,300
"CHIVOR",0,0,0,0,0,0,0,0,0,0,0,0,0,0,0,0,0,0,0,0,0,0,0,0
"CORDOSUC",201,195,189,186,182,181,168,167,172,172,177,184,186,187,187,189,193,204,266,260,255,243,227,208
"CQR",255,241,231,226,224,227,224,246,272,292,309,322,323,319,305,301,298,310,400,426,412,359,315,275
"ECUADOR138",0,0,0,0,9,10,9,0,0,0,0,0,0,0,0,0,0,0,0,0,0,0,0,0
"ECUADOR220",0,0,0,0,0,0,0,0,0,0,0,0,0,0,0,0,0,0,0,0,0,0,0,0
"GCM",405,391,381,376,371,359,339,341,341,342,347,360,374,380,381,380,382,482,576,579,579,560,529,418
"HUILACAQ",99,93,88,86,85,85,84,90,101,107,111,115,117,117,115,114,113,115,156,170,167,138,118,101
"LAMIEL",0,0,0,0,0,0,0,0,0,0,0,0,0,0,0,0,0,0,0,0,0,0,0,0
"MAGDAMED",0,0,0,0,0,0,0,0,0,0,0,0,0,0,0,0,0,0,0,0,0,0,0,0
"META",110,104,101,100,98,95,95,105,116,124,133,138,137,135,132,131,130,137,160,160,157,141,127,113
"NORDESTE",726,708,693,689,682,667,673,698,738,761,782,795,797,786,780,774,778,938,1055,1073,1043,978,898,745
"PAGUA",0,0,0,0,0,0,0,0,0,0,0,0,0,0,0,0,0,0,0,0,0,0,0,0
"SANCARLO",67,68,66,68,67,69,74,77,76,77,76,75,77,78,80,81,80,80,84,78,73,67,69,67
"TOLIMA",135,128,123,119,120,119,116,126,136,144,150,155,156,156,154,153,152,155,190,198,195,181,162,143
"VALLECAU",586,548,526,513,509,508,480,515,556,595,629,664,680,671,649,634,625,634,773,821,808,739,685,616
"Total",5565,5312,5154,5074,5070,5025,4962,5251,5624,5891,6101,6268,6349,6246,6113,6037,5998,6454,7759,7888,7705,7059,6473,5700
